  0.250  -0.000
  0.250  -0.022
  0.250  -0.044
  0.251  -0.065
  0.251  -0.087
  0.252  -0.109
  0.253  -0.131
  0.254  -0.152
  0.255  -0.174
  0.256  -0.196
  0.258  -0.217
  0.259  -0.239
  0.261  -0.260
  0.263  -0.282
  0.265  -0.303
  0.267  -0.325
  0.269  -0.346
  0.272  -0.367
  0.274  -0.388
  0.277  -0.409
  0.280  -0.430
  0.283  -0.451
  0.286  -0.472
  0.290  -0.492
  0.293  -0.513
  0.297  -0.533
  0.300  -0.554
  0.304  -0.574
  0.308  -0.594
  0.312  -0.614
  0.316  -0.634
  0.321  -0.654
  0.325  -0.673
  0.330  -0.692
  0.335  -0.712
  0.339  -0.731
  0.344  -0.750
  0.349  -0.769
  0.355  -0.787
  0.360  -0.806
  0.365  -0.824
  0.371  -0.842
  0.376  -0.860
  0.382  -0.878
  0.388  -0.896
  0.394  -0.913
  0.400  -0.930
  0.406  -0.947
  0.412  -0.964
  0.418  -0.981
  0.424  -0.997
  0.431  -1.013
  0.437  -1.029
  0.444  -1.045
  0.450  -1.061
  0.457  -1.076
  0.464  -1.091
  0.470  -1.106
  0.477  -1.121
  0.484  -1.135
  0.491  -1.150
  0.498  -1.164
  0.505  -1.177
  0.512  -1.191
  0.519  -1.204
  0.526  -1.217
  0.534  -1.230
  0.541  -1.242
  0.548  -1.255
  0.555  -1.267
  0.563  -1.278
  0.570  -1.290
  0.577  -1.301
  0.585  -1.312
  0.592  -1.323
  0.599  -1.333
  0.607  -1.343
  0.614  -1.353
  0.621  -1.363
  0.629  -1.372
  0.636  -1.381
  0.643  -1.390
  0.650  -1.399
  0.658  -1.407
  0.665  -1.415
  0.672  -1.423
  0.679  -1.430
  0.686  -1.437
  0.693  -1.444
  0.700  -1.451
  0.707  -1.457
  0.714  -1.463
  0.721  -1.469
  0.728  -1.474
  0.734  -1.480
  0.741  -1.484
  0.748  -1.489
  0.754  -1.493
  0.760  -1.497
  0.767  -1.501
  0.773  -1.505
  0.779  -1.508
  0.785  -1.511
  0.791  -1.513
  0.797  -1.516
  0.803  -1.518
  0.809  -1.520
  0.814  -1.521
  0.820  -1.522
  0.825  -1.523
  0.830  -1.524
  0.835  -1.524
  0.840  -1.524
  0.845  -1.524
  0.850  -1.524
  0.854  -1.523
  0.859  -1.522
  0.863  -1.521
  0.867  -1.519
  0.871  -1.518
  0.875  -1.516
  0.879  -1.513
  0.882  -1.511
  0.886  -1.508
  0.889  -1.505
  0.892  -1.501
  0.895  -1.498
  0.898  -1.494
  0.900  -1.490
  0.903  -1.485
  0.905  -1.481
  0.907  -1.476
  0.909  -1.471
  0.910  -1.466
  0.912  -1.460
  0.913  -1.454
  0.914  -1.448
  0.915  -1.442
  0.916  -1.435
  0.916  -1.429
  0.917  -1.422
  0.917  -1.415
  0.917  -1.407
  0.916  -1.400
  0.916  -1.392
  0.915  -1.384
  0.914  -1.376
  0.913  -1.367
  0.912  -1.359
  0.910  -1.350
  0.908  -1.341
  0.906  -1.332
  0.904  -1.322
  0.902  -1.313
  0.899  -1.303
  0.896  -1.293
  0.893  -1.283
  0.890  -1.273
  0.886  -1.263
  0.882  -1.252
  0.878  -1.241
  0.874  -1.230
  0.870  -1.219
  0.865  -1.208
  0.860  -1.197
  0.855  -1.186
  0.850  -1.174
  0.844  -1.162
  0.838  -1.150
  0.832  -1.139
  0.826  -1.126
  0.819  -1.114
  0.812  -1.102
  0.805  -1.090
  0.798  -1.077
  0.791  -1.064
  0.783  -1.052
  0.775  -1.039
  0.767  -1.026
  0.759  -1.013
  0.750  -1.000
  0.741  -0.987
  0.732  -0.974
  0.723  -0.960
  0.713  -0.947
  0.704  -0.934
  0.694  -0.920
  0.683  -0.907
  0.673  -0.893
  0.662  -0.880
  0.651  -0.866
  0.640  -0.852
  0.629  -0.839
  0.618  -0.825
  0.606  -0.811
  0.594  -0.797
  0.582  -0.784
  0.569  -0.770
  0.557  -0.756
  0.544  -0.742
  0.531  -0.728
  0.518  -0.714
  0.505  -0.701
  0.491  -0.687
  0.477  -0.673
  0.463  -0.659
  0.449  -0.646
  0.435  -0.632
  0.420  -0.618
  0.406  -0.605
  0.391  -0.591
  0.376  -0.577
  0.360  -0.564
  0.345  -0.550
  0.329  -0.537
  0.314  -0.524
  0.298  -0.510
  0.282  -0.497
  0.265  -0.484
  0.249  -0.471
  0.233  -0.458
  0.216  -0.445
  0.199  -0.432
  0.182  -0.419
  0.165  -0.406
  0.148  -0.394
  0.130  -0.381
  0.113  -0.369
  0.095  -0.356
  0.077  -0.344
  0.059  -0.332
  0.041  -0.320
  0.023  -0.308
  0.005  -0.296
 -0.013  -0.284
 -0.032  -0.273
 -0.050  -0.261
 -0.069  -0.250
 -0.087  -0.239
 -0.106  -0.227
 -0.125  -0.217
 -0.144  -0.206
 -0.163  -0.195
 -0.182  -0.184
 -0.201  -0.174
 -0.220  -0.164
 -0.240  -0.154
 -0.259  -0.144
 -0.278  -0.134
 -0.298  -0.124
 -0.317  -0.114
 -0.337  -0.105
 -0.356  -0.096
 -0.376  -0.087
 -0.395  -0.078
 -0.415  -0.069
 -0.434  -0.060
 -0.454  -0.052
 -0.473  -0.044
 -0.493  -0.035
 -0.513  -0.027
 -0.532  -0.020
 -0.552  -0.012
 -0.571  -0.005
 -0.591   0.003
 -0.610   0.010
 -0.630   0.017
 -0.649   0.024
 -0.668   0.030
 -0.688   0.037
 -0.707   0.043
 -0.726   0.049
 -0.746   0.055
 -0.765   0.061
 -0.784   0.066
 -0.803   0.072
 -0.822   0.077
 -0.840   0.082
 -0.859   0.087
 -0.878   0.091
 -0.896   0.096
 -0.915   0.100
 -0.933   0.104
 -0.951   0.108
 -0.969   0.112
 -0.987   0.116
 -1.005   0.119
 -1.023   0.122
 -1.041   0.126
 -1.058   0.128
 -1.076   0.131
 -1.093   0.134
 -1.110   0.136
 -1.127   0.138
 -1.144   0.141
 -1.160   0.142
 -1.177   0.144
 -1.193   0.146
 -1.209   0.147
 -1.225   0.148
 -1.241   0.150
 -1.257   0.150
 -1.272   0.151
 -1.287   0.152
 -1.302   0.152
 -1.317   0.153
 -1.332   0.153
 -1.346   0.153
 -1.361   0.153
 -1.375   0.152
 -1.388   0.152
 -1.402   0.151
 -1.415   0.151
 -1.429   0.150
 -1.441   0.149
 -1.454   0.148
 -1.467   0.146
 -1.479   0.145
 -1.491   0.143
 -1.503   0.142
 -1.514   0.140
 -1.526   0.138
 -1.537   0.136
 -1.547   0.134
 -1.558   0.132
 -1.568   0.129
 -1.578   0.127
 -1.588   0.124
 -1.597   0.122
 -1.607   0.119
 -1.615   0.116
 -1.624   0.113
 -1.633   0.110
 -1.641   0.107
 -1.648   0.104
 -1.656   0.101
 -1.663   0.097
 -1.670   0.094
 -1.677   0.090
 -1.683   0.087
 -1.690   0.083
 -1.695   0.079
 -1.701   0.075
 -1.706   0.071
 -1.711   0.068
 -1.716   0.064
 -1.720   0.060
 -1.724   0.056
 -1.728   0.051
 -1.732   0.047
 -1.735   0.043
 -1.738   0.039
 -1.740   0.035
 -1.743   0.030
 -1.745   0.026
 -1.746   0.022
 -1.748   0.017
 -1.749   0.013
 -1.749   0.009
 -1.750   0.004
 -1.750   0.000
 -1.750  -0.004
 -1.749  -0.009
 -1.749  -0.013
 -1.748  -0.017
 -1.746  -0.022
 -1.745  -0.026
 -1.743  -0.030
 -1.740  -0.035
 -1.738  -0.039
 -1.735  -0.043
 -1.732  -0.047
 -1.728  -0.051
 -1.724  -0.056
 -1.720  -0.060
 -1.716  -0.064
 -1.711  -0.068
 -1.706  -0.071
 -1.701  -0.075
 -1.695  -0.079
 -1.690  -0.083
 -1.683  -0.087
 -1.677  -0.090
 -1.670  -0.094
 -1.663  -0.097
 -1.656  -0.101
 -1.648  -0.104
 -1.641  -0.107
 -1.633  -0.110
 -1.624  -0.113
 -1.615  -0.116
 -1.607  -0.119
 -1.597  -0.122
 -1.588  -0.124
 -1.578  -0.127
 -1.568  -0.129
 -1.558  -0.132
 -1.547  -0.134
 -1.537  -0.136
 -1.526  -0.138
 -1.514  -0.140
 -1.503  -0.142
 -1.491  -0.143
 -1.479  -0.145
 -1.467  -0.146
 -1.454  -0.148
 -1.441  -0.149
 -1.429  -0.150
 -1.415  -0.151
 -1.402  -0.151
 -1.388  -0.152
 -1.375  -0.152
 -1.361  -0.153
 -1.346  -0.153
 -1.332  -0.153
 -1.317  -0.153
 -1.302  -0.152
 -1.287  -0.152
 -1.272  -0.151
 -1.257  -0.150
 -1.241  -0.150
 -1.225  -0.148
 -1.209  -0.147
 -1.193  -0.146
 -1.177  -0.144
 -1.160  -0.142
 -1.144  -0.141
 -1.127  -0.138
 -1.110  -0.136
 -1.093  -0.134
 -1.076  -0.131
 -1.058  -0.128
 -1.041  -0.126
 -1.023  -0.122
 -1.005  -0.119
 -0.987  -0.116
 -0.969  -0.112
 -0.951  -0.108
 -0.933  -0.104
 -0.915  -0.100
 -0.896  -0.096
 -0.878  -0.091
 -0.859  -0.087
 -0.840  -0.082
 -0.822  -0.077
 -0.803  -0.072
 -0.784  -0.066
 -0.765  -0.061
 -0.746  -0.055
 -0.726  -0.049
 -0.707  -0.043
 -0.688  -0.037
 -0.668  -0.030
 -0.649  -0.024
 -0.630  -0.017
 -0.610  -0.010
 -0.591  -0.003
 -0.571   0.005
 -0.552   0.012
 -0.532   0.020
 -0.513   0.027
 -0.493   0.035
 -0.473   0.044
 -0.454   0.052
 -0.434   0.060
 -0.415   0.069
 -0.395   0.078
 -0.376   0.087
 -0.356   0.096
 -0.337   0.105
 -0.317   0.114
 -0.298   0.124
 -0.278   0.134
 -0.259   0.144
 -0.240   0.154
 -0.220   0.164
 -0.201   0.174
 -0.182   0.184
 -0.163   0.195
 -0.144   0.206
 -0.125   0.217
 -0.106   0.227
 -0.087   0.239
 -0.069   0.250
 -0.050   0.261
 -0.032   0.273
 -0.013   0.284
  0.005   0.296
  0.023   0.308
  0.041   0.320
  0.059   0.332
  0.077   0.344
  0.095   0.356
  0.113   0.369
  0.130   0.381
  0.148   0.394
  0.165   0.406
  0.182   0.419
  0.199   0.432
  0.216   0.445
  0.233   0.458
  0.249   0.471
  0.265   0.484
  0.282   0.497
  0.298   0.510
  0.314   0.524
  0.329   0.537
  0.345   0.550
  0.360   0.564
  0.376   0.577
  0.391   0.591
  0.406   0.605
  0.420   0.618
  0.435   0.632
  0.449   0.646
  0.463   0.659
  0.477   0.673
  0.491   0.687
  0.505   0.701
  0.518   0.714
  0.531   0.728
  0.544   0.742
  0.557   0.756
  0.569   0.770
  0.582   0.784
  0.594   0.797
  0.606   0.811
  0.618   0.825
  0.629   0.839
  0.640   0.852
  0.651   0.866
  0.662   0.880
  0.673   0.893
  0.683   0.907
  0.694   0.920
  0.704   0.934
  0.713   0.947
  0.723   0.960
  0.732   0.974
  0.741   0.987
  0.750   1.000
  0.759   1.013
  0.767   1.026
  0.775   1.039
  0.783   1.052
  0.791   1.064
  0.798   1.077
  0.805   1.090
  0.812   1.102
  0.819   1.114
  0.826   1.126
  0.832   1.139
  0.838   1.150
  0.844   1.162
  0.850   1.174
  0.855   1.186
  0.860   1.197
  0.865   1.208
  0.870   1.219
  0.874   1.230
  0.878   1.241
  0.882   1.252
  0.886   1.263
  0.890   1.273
  0.893   1.283
  0.896   1.293
  0.899   1.303
  0.902   1.313
  0.904   1.322
  0.906   1.332
  0.908   1.341
  0.910   1.350
  0.912   1.359
  0.913   1.367
  0.914   1.376
  0.915   1.384
  0.916   1.392
  0.916   1.400
  0.917   1.407
  0.917   1.415
  0.917   1.422
  0.916   1.429
  0.916   1.435
  0.915   1.442
  0.914   1.448
  0.913   1.454
  0.912   1.460
  0.910   1.466
  0.909   1.471
  0.907   1.476
  0.905   1.481
  0.903   1.485
  0.900   1.490
  0.898   1.494
  0.895   1.498
  0.892   1.501
  0.889   1.505
  0.886   1.508
  0.882   1.511
  0.879   1.513
  0.875   1.516
  0.871   1.518
  0.867   1.519
  0.863   1.521
  0.859   1.522
  0.854   1.523
  0.850   1.524
  0.845   1.524
  0.840   1.524
  0.835   1.524
  0.830   1.524
  0.825   1.523
  0.820   1.522
  0.814   1.521
  0.809   1.520
  0.803   1.518
  0.797   1.516
  0.791   1.513
  0.785   1.511
  0.779   1.508
  0.773   1.505
  0.767   1.501
  0.760   1.497
  0.754   1.493
  0.748   1.489
  0.741   1.484
  0.734   1.480
  0.728   1.474
  0.721   1.469
  0.714   1.463
  0.707   1.457
  0.700   1.451
  0.693   1.444
  0.686   1.437
  0.679   1.430
  0.672   1.423
  0.665   1.415
  0.658   1.407
  0.650   1.399
  0.643   1.390
  0.636   1.381
  0.629   1.372
  0.621   1.363
  0.614   1.353
  0.607   1.343
  0.599   1.333
  0.592   1.323
  0.585   1.312
  0.577   1.301
  0.570   1.290
  0.563   1.278
  0.555   1.267
  0.548   1.255
  0.541   1.242
  0.534   1.230
  0.526   1.217
  0.519   1.204
  0.512   1.191
  0.505   1.177
  0.498   1.164
  0.491   1.150
  0.484   1.135
  0.477   1.121
  0.470   1.106
  0.464   1.091
  0.457   1.076
  0.450   1.061
  0.444   1.045
  0.437   1.029
  0.431   1.013
  0.424   0.997
  0.418   0.981
  0.412   0.964
  0.406   0.947
  0.400   0.930
  0.394   0.913
  0.388   0.896
  0.382   0.878
  0.376   0.860
  0.371   0.842
  0.365   0.824
  0.360   0.806
  0.355   0.787
  0.349   0.769
  0.344   0.750
  0.339   0.731
  0.335   0.712
  0.330   0.692
  0.325   0.673
  0.321   0.654
  0.316   0.634
  0.312   0.614
  0.308   0.594
  0.304   0.574
  0.300   0.554
  0.297   0.533
  0.293   0.513
  0.290   0.492
  0.286   0.472
  0.283   0.451
  0.280   0.430
  0.277   0.409
  0.274   0.388
  0.272   0.367
  0.269   0.346
  0.267   0.325
  0.265   0.303
  0.263   0.282
  0.261   0.260
  0.259   0.239
  0.258   0.217
  0.256   0.196
  0.255   0.174
  0.254   0.152
  0.253   0.131
  0.252   0.109
  0.251   0.087
  0.251   0.065
  0.250   0.044
  0.250   0.022
  0.250   0.000
