   -8.000000    -0.000000
   -7.990000    -0.005005
   -7.980000    -0.010018
   -7.970000    -0.015034
   -7.960000    -0.020048
   -7.950000    -0.025054
   -7.940000    -0.030048
   -7.930000    -0.035025
   -7.920000    -0.039980
   -7.910000    -0.044908
   -7.900000    -0.049804
   -7.890000    -0.054663
   -7.880000    -0.059481
   -7.870000    -0.064252
   -7.860000    -0.068972
   -7.850000    -0.073635
   -7.840000    -0.078238
   -7.830000    -0.082775
   -7.820000    -0.087242
   -7.810000    -0.091635
   -7.800000    -0.095948
   -7.790000    -0.100177
   -7.780000    -0.104318
   -7.770000    -0.108367
   -7.760000    -0.112319
   -7.750000    -0.116170
   -7.740000    -0.119916
   -7.730000    -0.123554
   -7.720000    -0.127079
   -7.710000    -0.130487
   -7.700000    -0.133776
   -7.690000    -0.136940
   -7.680000    -0.139978
   -7.670000    -0.142885
   -7.660000    -0.145659
   -7.650000    -0.148296
   -7.640000    -0.150793
   -7.630000    -0.153148
   -7.620000    -0.155358
   -7.610000    -0.157420
   -7.600000    -0.159332
   -7.590000    -0.161091
   -7.580000    -0.162696
   -7.570000    -0.164145
   -7.560000    -0.165435
   -7.550000    -0.166565
   -7.540000    -0.167533
   -7.530000    -0.168338
   -7.520000    -0.168980
   -7.510000    -0.169456
   -7.500000    -0.169765
   -7.490000    -0.169908
   -7.480000    -0.169883
   -7.470000    -0.169691
   -7.460000    -0.169330
   -7.450000    -0.168801
   -7.440000    -0.168103
   -7.430000    -0.167238
   -7.420000    -0.166205
   -7.410000    -0.165005
   -7.400000    -0.163638
   -7.390000    -0.162106
   -7.380000    -0.160410
   -7.370000    -0.158551
   -7.360000    -0.156530
   -7.350000    -0.154349
   -7.340000    -0.152009
   -7.330000    -0.149513
   -7.320000    -0.146862
   -7.310000    -0.144059
   -7.300000    -0.141106
   -7.290000    -0.138005
   -7.280000    -0.134759
   -7.270000    -0.131372
   -7.260000    -0.127845
   -7.250000    -0.124182
   -7.240000    -0.120386
   -7.230000    -0.116460
   -7.220000    -0.112409
   -7.210000    -0.108235
   -7.200000    -0.103943
   -7.190000    -0.099536
   -7.180000    -0.095019
   -7.170000    -0.090395
   -7.160000    -0.085669
   -7.150000    -0.080845
   -7.140000    -0.075927
   -7.130000    -0.070921
   -7.120000    -0.065830
   -7.110000    -0.060660
   -7.100000    -0.055416
   -7.090000    -0.050102
   -7.080000    -0.044723
   -7.070000    -0.039286
   -7.060000    -0.033793
   -7.050000    -0.028252
   -7.040000    -0.022668
   -7.030000    -0.017044
   -7.020000    -0.011389
   -7.010000    -0.005705
   -7.000000     0.000000
   -6.990000     0.005722
   -6.980000     0.011454
   -6.970000     0.017191
   -6.960000     0.022928
   -6.950000     0.028659
   -6.940000     0.034378
   -6.930000     0.040079
   -6.920000     0.045757
   -6.910000     0.051407
   -6.900000     0.057022
   -6.890000     0.062597
   -6.880000     0.068127
   -6.870000     0.073605
   -6.860000     0.079026
   -6.850000     0.084385
   -6.840000     0.089677
   -6.830000     0.094895
   -6.820000     0.100035
   -6.810000     0.105091
   -6.800000     0.110058
   -6.790000     0.114930
   -6.780000     0.119704
   -6.770000     0.124373
   -6.760000     0.128934
   -6.750000     0.133380
   -6.740000     0.137708
   -6.730000     0.141912
   -6.720000     0.145989
   -6.710000     0.149934
   -6.700000     0.153742
   -6.690000     0.157410
   -6.680000     0.160933
   -6.670000     0.164307
   -6.660000     0.167530
   -6.650000     0.170596
   -6.640000     0.173503
   -6.630000     0.176248
   -6.620000     0.178826
   -6.610000     0.181235
   -6.600000     0.183473
   -6.590000     0.185536
   -6.580000     0.187422
   -6.570000     0.189129
   -6.560000     0.190654
   -6.550000     0.191994
   -6.540000     0.193150
   -6.530000     0.194118
   -6.520000     0.194897
   -6.510000     0.195486
   -6.500000     0.195883
   -6.490000     0.196088
   -6.480000     0.196100
   -6.470000     0.195918
   -6.460000     0.195542
   -6.450000     0.194971
   -6.440000     0.194206
   -6.430000     0.193247
   -6.420000     0.192093
   -6.410000     0.190746
   -6.400000     0.189207
   -6.390000     0.187475
   -6.380000     0.185553
   -6.370000     0.183441
   -6.360000     0.181142
   -6.350000     0.178656
   -6.340000     0.175986
   -6.330000     0.173133
   -6.320000     0.170100
   -6.310000     0.166889
   -6.300000     0.163504
   -6.290000     0.159945
   -6.280000     0.156218
   -6.270000     0.152324
   -6.260000     0.148267
   -6.250000     0.144051
   -6.240000     0.139678
   -6.230000     0.135154
   -6.220000     0.130481
   -6.210000     0.125665
   -6.200000     0.120708
   -6.190000     0.115617
   -6.180000     0.110394
   -6.170000     0.105046
   -6.160000     0.099576
   -6.150000     0.093990
   -6.140000     0.088293
   -6.130000     0.082490
   -6.120000     0.076587
   -6.110000     0.070588
   -6.100000     0.064500
   -6.090000     0.058329
   -6.080000     0.052079
   -6.070000     0.045758
   -6.060000     0.039370
   -6.050000     0.032922
   -6.040000     0.026420
   -6.030000     0.019871
   -6.020000     0.013280
   -6.010000     0.006654
   -6.000000    -0.000000
   -5.990000    -0.006677
   -5.980000    -0.013369
   -5.970000    -0.020071
   -5.960000    -0.026775
   -5.950000    -0.033475
   -5.940000    -0.040165
   -5.930000    -0.046838
   -5.920000    -0.053487
   -5.910000    -0.060105
   -5.900000    -0.066687
   -5.890000    -0.073225
   -5.880000    -0.079713
   -5.870000    -0.086144
   -5.860000    -0.092512
   -5.850000    -0.098810
   -5.840000    -0.105032
   -5.830000    -0.111172
   -5.820000    -0.117223
   -5.810000    -0.123178
   -5.800000    -0.129033
   -5.790000    -0.134780
   -5.780000    -0.140414
   -5.770000    -0.145929
   -5.760000    -0.151318
   -5.750000    -0.156577
   -5.740000    -0.161699
   -5.730000    -0.166679
   -5.720000    -0.171512
   -5.710000    -0.176192
   -5.700000    -0.180714
   -5.690000    -0.185074
   -5.680000    -0.189266
   -5.670000    -0.193286
   -5.660000    -0.197129
   -5.650000    -0.200790
   -5.640000    -0.204266
   -5.630000    -0.207553
   -5.620000    -0.210646
   -5.610000    -0.213541
   -5.600000    -0.216236
   -5.590000    -0.218727
   -5.580000    -0.221010
   -5.570000    -0.223084
   -5.560000    -0.224944
   -5.550000    -0.226588
   -5.540000    -0.228014
   -5.530000    -0.229220
   -5.520000    -0.230204
   -5.510000    -0.230964
   -5.500000    -0.231498
   -5.490000    -0.231805
   -5.480000    -0.231885
   -5.470000    -0.231735
   -5.460000    -0.231355
   -5.450000    -0.230746
   -5.440000    -0.229906
   -5.430000    -0.228835
   -5.420000    -0.227535
   -5.410000    -0.226004
   -5.400000    -0.224245
   -5.390000    -0.222257
   -5.380000    -0.220042
   -5.370000    -0.217602
   -5.360000    -0.214937
   -5.350000    -0.212049
   -5.340000    -0.208942
   -5.330000    -0.205616
   -5.320000    -0.202074
   -5.310000    -0.198319
   -5.300000    -0.194353
   -5.290000    -0.190181
   -5.280000    -0.185805
   -5.270000    -0.181228
   -5.260000    -0.176455
   -5.250000    -0.171489
   -5.240000    -0.166334
   -5.230000    -0.160996
   -5.220000    -0.155478
   -5.210000    -0.149785
   -5.200000    -0.143921
   -5.190000    -0.137893
   -5.180000    -0.131706
   -5.170000    -0.125364
   -5.160000    -0.118874
   -5.150000    -0.112241
   -5.140000    -0.105471
   -5.130000    -0.098570
   -5.120000    -0.091545
   -5.110000    -0.084402
   -5.100000    -0.077148
   -5.090000    -0.069788
   -5.080000    -0.062331
   -5.070000    -0.054783
   -5.060000    -0.047150
   -5.050000    -0.039441
   -5.040000    -0.031663
   -5.030000    -0.023822
   -5.020000    -0.015926
   -5.010000    -0.007983
   -5.000000     0.000000
   -4.990000     0.008015
   -4.980000     0.016054
   -4.970000     0.024109
   -4.960000     0.032173
   -4.950000     0.040238
   -4.940000     0.048296
   -4.930000     0.056338
   -4.920000     0.064358
   -4.910000     0.072347
   -4.900000     0.080296
   -4.890000     0.088199
   -4.880000     0.096047
   -4.870000     0.103833
   -4.860000     0.111547
   -4.850000     0.119183
   -4.840000     0.126733
   -4.830000     0.134189
   -4.820000     0.141543
   -4.810000     0.148787
   -4.800000     0.155915
   -4.790000     0.162918
   -4.780000     0.169789
   -4.770000     0.176522
   -4.760000     0.183108
   -4.750000     0.189540
   -4.740000     0.195813
   -4.730000     0.201918
   -4.720000     0.207849
   -4.710000     0.213600
   -4.700000     0.219164
   -4.690000     0.224536
   -4.680000     0.229708
   -4.670000     0.234675
   -4.660000     0.239431
   -4.650000     0.243971
   -4.640000     0.248289
   -4.630000     0.252380
   -4.620000     0.256240
   -4.610000     0.259863
   -4.600000     0.263244
   -4.590000     0.266380
   -4.580000     0.269266
   -4.570000     0.271898
   -4.560000     0.274273
   -4.550000     0.276388
   -4.540000     0.278238
   -4.530000     0.279821
   -4.520000     0.281134
   -4.510000     0.282175
   -4.500000     0.282942
   -4.490000     0.283432
   -4.480000     0.283644
   -4.470000     0.283577
   -4.460000     0.283229
   -4.450000     0.282599
   -4.440000     0.281686
   -4.430000     0.280491
   -4.420000     0.279013
   -4.410000     0.277253
   -4.400000     0.275210
   -4.390000     0.272885
   -4.380000     0.270280
   -4.370000     0.267396
   -4.360000     0.264234
   -4.350000     0.260796
   -4.340000     0.257085
   -4.330000     0.253102
   -4.320000     0.248850
   -4.310000     0.244332
   -4.300000     0.239552
   -4.290000     0.234512
   -4.280000     0.229217
   -4.270000     0.223670
   -4.260000     0.217876
   -4.250000     0.211839
   -4.240000     0.205564
   -4.230000     0.199056
   -4.220000     0.192321
   -4.210000     0.185363
   -4.200000     0.178188
   -4.190000     0.170804
   -4.180000     0.163214
   -4.170000     0.155427
   -4.160000     0.147449
   -4.150000     0.139286
   -4.140000     0.130947
   -4.130000     0.122437
   -4.120000     0.113765
   -4.110000     0.104938
   -4.100000     0.095964
   -4.090000     0.086851
   -4.080000     0.077608
   -4.070000     0.068243
   -4.060000     0.058764
   -4.050000     0.049180
   -4.040000     0.039500
   -4.030000     0.029733
   -4.020000     0.019887
   -4.010000     0.009973
   -4.000000    -0.000000
   -3.990000    -0.010023
   -3.980000    -0.020087
   -3.970000    -0.030182
   -3.960000    -0.040298
   -3.950000    -0.050425
   -3.940000    -0.060554
   -3.930000    -0.070674
   -3.920000    -0.080776
   -3.910000    -0.090850
   -3.900000    -0.100885
   -3.890000    -0.110873
   -3.880000    -0.120802
   -3.870000    -0.130663
   -3.860000    -0.140445
   -3.850000    -0.150140
   -3.840000    -0.159736
   -3.830000    -0.169225
   -3.820000    -0.178596
   -3.810000    -0.187839
   -3.800000    -0.196945
   -3.790000    -0.205904
   -3.780000    -0.214707
   -3.770000    -0.223344
   -3.760000    -0.231807
   -3.750000    -0.240084
   -3.740000    -0.248169
   -3.730000    -0.256051
   -3.720000    -0.263723
   -3.710000    -0.271174
   -3.700000    -0.278398
   -3.690000    -0.285385
   -3.680000    -0.292128
   -3.670000    -0.298619
   -3.660000    -0.304849
   -3.650000    -0.310812
   -3.640000    -0.316500
   -3.630000    -0.321907
   -3.620000    -0.327024
   -3.610000    -0.331847
   -3.600000    -0.336367
   -3.590000    -0.340580
   -3.580000    -0.344480
   -3.570000    -0.348060
   -3.560000    -0.351317
   -3.550000    -0.354243
   -3.540000    -0.356836
   -3.530000    -0.359090
   -3.520000    -0.361002
   -3.510000    -0.362567
   -3.500000    -0.363783
   -3.490000    -0.364645
   -3.480000    -0.365151
   -3.470000    -0.365299
   -3.460000    -0.365087
   -3.450000    -0.364511
   -3.440000    -0.363572
   -3.430000    -0.362267
   -3.420000    -0.360596
   -3.410000    -0.358558
   -3.400000    -0.356154
   -3.390000    -0.353382
   -3.380000    -0.350245
   -3.370000    -0.346742
   -3.360000    -0.342875
   -3.350000    -0.338646
   -3.340000    -0.334056
   -3.330000    -0.329108
   -3.320000    -0.323805
   -3.310000    -0.318149
   -3.300000    -0.312143
   -3.290000    -0.305792
   -3.280000    -0.299100
   -3.270000    -0.292071
   -3.260000    -0.284709
   -3.250000    -0.277020
   -3.240000    -0.269010
   -3.230000    -0.260684
   -3.220000    -0.252048
   -3.210000    -0.243108
   -3.200000    -0.233872
   -3.190000    -0.224347
   -3.180000    -0.214540
   -3.170000    -0.204458
   -3.160000    -0.194110
   -3.150000    -0.183504
   -3.140000    -0.172649
   -3.130000    -0.161554
   -3.120000    -0.150228
   -3.110000    -0.138680
   -3.100000    -0.126920
   -3.090000    -0.114959
   -3.080000    -0.102806
   -3.070000    -0.090472
   -3.060000    -0.077968
   -3.050000    -0.065304
   -3.040000    -0.052493
   -3.030000    -0.039545
   -3.020000    -0.026473
   -3.010000    -0.013287
   -3.000000     0.000000
   -2.990000     0.013376
   -2.980000     0.026828
   -2.970000     0.040344
   -2.960000     0.053912
   -2.950000     0.067518
   -2.940000     0.081150
   -2.930000     0.094795
   -2.920000     0.108439
   -2.910000     0.122070
   -2.900000     0.135673
   -2.890000     0.149237
   -2.880000     0.162747
   -2.870000     0.176190
   -2.860000     0.189552
   -2.850000     0.202821
   -2.840000     0.215982
   -2.830000     0.229022
   -2.820000     0.241928
   -2.810000     0.254686
   -2.800000     0.267283
   -2.790000     0.279705
   -2.780000     0.291940
   -2.770000     0.303974
   -2.760000     0.315794
   -2.750000     0.327388
   -2.740000     0.338741
   -2.730000     0.349843
   -2.720000     0.360679
   -2.710000     0.371239
   -2.700000     0.381508
   -2.690000     0.391476
   -2.680000     0.401131
   -2.670000     0.410461
   -2.660000     0.419454
   -2.650000     0.428100
   -2.640000     0.436387
   -2.630000     0.444305
   -2.620000     0.451843
   -2.610000     0.458991
   -2.600000     0.465740
   -2.590000     0.472079
   -2.580000     0.477999
   -2.570000     0.483493
   -2.560000     0.488550
   -2.550000     0.493162
   -2.540000     0.497323
   -2.530000     0.501023
   -2.520000     0.504257
   -2.510000     0.507016
   -2.500000     0.509296
   -2.490000     0.511089
   -2.480000     0.512390
   -2.470000     0.513194
   -2.460000     0.513496
   -2.450000     0.513291
   -2.440000     0.512577
   -2.430000     0.511348
   -2.420000     0.509603
   -2.410000     0.507338
   -2.400000     0.504551
   -2.390000     0.501241
   -2.380000     0.497407
   -2.370000     0.493047
   -2.360000     0.488162
   -2.350000     0.482751
   -2.340000     0.476816
   -2.330000     0.470357
   -2.320000     0.463376
   -2.310000     0.455875
   -2.300000     0.447858
   -2.290000     0.439326
   -2.280000     0.430284
   -2.270000     0.420736
   -2.260000     0.410687
   -2.250000     0.400141
   -2.240000     0.389104
   -2.230000     0.377582
   -2.220000     0.365583
   -2.210000     0.353112
   -2.200000     0.340178
   -2.190000     0.326788
   -2.180000     0.312952
   -2.170000     0.298678
   -2.160000     0.283976
   -2.150000     0.268855
   -2.140000     0.253327
   -2.130000     0.237401
   -2.120000     0.221090
   -2.110000     0.204405
   -2.100000     0.187358
   -2.090000     0.169963
   -2.080000     0.152232
   -2.070000     0.134178
   -2.060000     0.115816
   -2.050000     0.097160
   -2.040000     0.078225
   -2.030000     0.059026
   -2.020000     0.039578
   -2.010000     0.019897
   -2.000000    -0.000000
   -1.990000    -0.020097
   -1.980000    -0.040377
   -1.970000    -0.060824
   -1.960000    -0.081418
   -1.950000    -0.102143
   -1.940000    -0.122980
   -1.930000    -0.143911
   -1.920000    -0.164918
   -1.910000    -0.185980
   -1.900000    -0.207080
   -1.890000    -0.228198
   -1.880000    -0.249314
   -1.870000    -0.270409
   -1.860000    -0.291462
   -1.850000    -0.312453
   -1.840000    -0.333363
   -1.830000    -0.354170
   -1.820000    -0.374855
   -1.810000    -0.395396
   -1.800000    -0.415773
   -1.790000    -0.435965
   -1.780000    -0.455951
   -1.770000    -0.475711
   -1.760000    -0.495223
   -1.750000    -0.514466
   -1.740000    -0.533421
   -1.730000    -0.552064
   -1.720000    -0.570377
   -1.710000    -0.588337
   -1.700000    -0.605925
   -1.690000    -0.623119
   -1.680000    -0.639900
   -1.670000    -0.656246
   -1.660000    -0.672138
   -1.650000    -0.687554
   -1.640000    -0.702477
   -1.630000    -0.716884
   -1.620000    -0.730758
   -1.610000    -0.744079
   -1.600000    -0.756827
   -1.590000    -0.768984
   -1.580000    -0.780531
   -1.570000    -0.791450
   -1.560000    -0.801722
   -1.550000    -0.811332
   -1.540000    -0.820260
   -1.530000    -0.828489
   -1.520000    -0.836005
   -1.510000    -0.842789
   -1.500000    -0.848826
   -1.490000    -0.854102
   -1.480000    -0.858599
   -1.470000    -0.862305
   -1.460000    -0.865205
   -1.450000    -0.867285
   -1.440000    -0.868533
   -1.430000    -0.868934
   -1.420000    -0.868478
   -1.410000    -0.867152
   -1.400000    -0.864945
   -1.390000    -0.861846
   -1.380000    -0.857847
   -1.370000    -0.852935
   -1.360000    -0.847104
   -1.350000    -0.840344
   -1.340000    -0.832648
   -1.330000    -0.824008
   -1.320000    -0.814418
   -1.310000    -0.803872
   -1.300000    -0.792363
   -1.290000    -0.779889
   -1.280000    -0.766444
   -1.270000    -0.752024
   -1.260000    -0.736628
   -1.250000    -0.720253
   -1.240000    -0.702897
   -1.230000    -0.684560
   -1.220000    -0.665241
   -1.210000    -0.644940
   -1.200000    -0.623660
   -1.190000    -0.601401
   -1.180000    -0.578166
   -1.170000    -0.553959
   -1.160000    -0.528783
   -1.150000    -0.502642
   -1.140000    -0.475543
   -1.130000    -0.447491
   -1.120000    -0.418492
   -1.110000    -0.388554
   -1.100000    -0.357684
   -1.090000    -0.325892
   -1.080000    -0.293187
   -1.070000    -0.259578
   -1.060000    -0.225077
   -1.050000    -0.189694
   -1.040000    -0.153442
   -1.030000    -0.116332
   -1.020000    -0.078380
   -1.010000    -0.039597
   -1.000000     0.000000
   -0.990000     0.040397
   -0.980000     0.081579
   -0.970000     0.123528
   -0.960000     0.166228
   -0.950000     0.209662
   -0.940000     0.253810
   -0.930000     0.298654
   -0.920000     0.344176
   -0.910000     0.390354
   -0.900000     0.437170
   -0.890000     0.484601
   -0.880000     0.532626
   -0.870000     0.581223
   -0.860000     0.630371
   -0.850000     0.680045
   -0.840000     0.730224
   -0.830000     0.780882
   -0.820000     0.831995
   -0.810000     0.883539
   -0.800000     0.935489
   -0.790000     0.987820
   -0.780000     1.040504
   -0.770000     1.093517
   -0.760000     1.146832
   -0.750000     1.200422
   -0.740000     1.254259
   -0.730000     1.308317
   -0.720000     1.362567
   -0.710000     1.416981
   -0.700000     1.471532
   -0.690000     1.526191
   -0.680000     1.580929
   -0.670000     1.635718
   -0.660000     1.690528
   -0.650000     1.745330
   -0.640000     1.800096
   -0.630000     1.854796
   -0.620000     1.909400
   -0.610000     1.963880
   -0.600000     2.018205
   -0.590000     2.072346
   -0.580000     2.126273
   -0.570000     2.179958
   -0.560000     2.233370
   -0.550000     2.286480
   -0.540000     2.339259
   -0.530000     2.391677
   -0.520000     2.443706
   -0.510000     2.495316
   -0.500000     2.546479
   -0.490000     2.597166
   -0.480000     2.647348
   -0.470000     2.696998
   -0.460000     2.746086
   -0.450000     2.794586
   -0.440000     2.842470
   -0.430000     2.889711
   -0.420000     2.936282
   -0.410000     2.982156
   -0.400000     3.027307
   -0.390000     3.071709
   -0.380000     3.115337
   -0.370000     3.158166
   -0.360000     3.200171
   -0.350000     3.241328
   -0.340000     3.281613
   -0.330000     3.321002
   -0.320000     3.359474
   -0.310000     3.397005
   -0.300000     3.433575
   -0.290000     3.469161
   -0.280000     3.503743
   -0.270000     3.537300
   -0.260000     3.569814
   -0.250000     3.601265
   -0.240000     3.631635
   -0.230000     3.660906
   -0.220000     3.689061
   -0.210000     3.716083
   -0.200000     3.741957
   -0.190000     3.766667
   -0.180000     3.790199
   -0.170000     3.812539
   -0.160000     3.833674
   -0.150000     3.853591
   -0.140000     3.872279
   -0.130000     3.889726
   -0.120000     3.905923
   -0.110000     3.920859
   -0.100000     3.934527
   -0.090000     3.946917
   -0.080000     3.958022
   -0.070000     3.967837
   -0.060000     3.976355
   -0.050000     3.983571
   -0.040000     3.989481
   -0.030000     3.994081
   -0.020000     3.997369
   -0.010000     3.999342
    0.000000     4.000000
    0.010000     3.999342
    0.020000     3.997369
    0.030000     3.994081
    0.040000     3.989481
    0.050000     3.983571
    0.060000     3.976355
    0.070000     3.967837
    0.080000     3.958022
    0.090000     3.946917
    0.100000     3.934527
    0.110000     3.920859
    0.120000     3.905923
    0.130000     3.889726
    0.140000     3.872279
    0.150000     3.853591
    0.160000     3.833674
    0.170000     3.812539
    0.180000     3.790199
    0.190000     3.766667
    0.200000     3.741957
    0.210000     3.716083
    0.220000     3.689061
    0.230000     3.660906
    0.240000     3.631635
    0.250000     3.601265
    0.260000     3.569814
    0.270000     3.537300
    0.280000     3.503743
    0.290000     3.469161
    0.300000     3.433575
    0.310000     3.397005
    0.320000     3.359474
    0.330000     3.321002
    0.340000     3.281613
    0.350000     3.241328
    0.360000     3.200171
    0.370000     3.158166
    0.380000     3.115337
    0.390000     3.071709
    0.400000     3.027307
    0.410000     2.982156
    0.420000     2.936282
    0.430000     2.889711
    0.440000     2.842470
    0.450000     2.794586
    0.460000     2.746086
    0.470000     2.696998
    0.480000     2.647348
    0.490000     2.597166
    0.500000     2.546479
    0.510000     2.495316
    0.520000     2.443706
    0.530000     2.391677
    0.540000     2.339259
    0.550000     2.286480
    0.560000     2.233370
    0.570000     2.179958
    0.580000     2.126273
    0.590000     2.072346
    0.600000     2.018205
    0.610000     1.963880
    0.620000     1.909400
    0.630000     1.854796
    0.640000     1.800096
    0.650000     1.745330
    0.660000     1.690528
    0.670000     1.635718
    0.680000     1.580929
    0.690000     1.526191
    0.700000     1.471532
    0.710000     1.416981
    0.720000     1.362567
    0.730000     1.308317
    0.740000     1.254259
    0.750000     1.200422
    0.760000     1.146832
    0.770000     1.093517
    0.780000     1.040504
    0.790000     0.987820
    0.800000     0.935489
    0.810000     0.883539
    0.820000     0.831995
    0.830000     0.780882
    0.840000     0.730224
    0.850000     0.680045
    0.860000     0.630371
    0.870000     0.581223
    0.880000     0.532626
    0.890000     0.484601
    0.900000     0.437170
    0.910000     0.390354
    0.920000     0.344176
    0.930000     0.298654
    0.940000     0.253810
    0.950000     0.209662
    0.960000     0.166228
    0.970000     0.123528
    0.980000     0.081579
    0.990000     0.040397
    1.000000    -0.000000
    1.010000    -0.039597
    1.020000    -0.078380
    1.030000    -0.116332
    1.040000    -0.153442
    1.050000    -0.189694
    1.060000    -0.225077
    1.070000    -0.259578
    1.080000    -0.293187
    1.090000    -0.325892
    1.100000    -0.357684
    1.110000    -0.388554
    1.120000    -0.418492
    1.130000    -0.447491
    1.140000    -0.475543
    1.150000    -0.502642
    1.160000    -0.528783
    1.170000    -0.553959
    1.180000    -0.578166
    1.190000    -0.601401
    1.200000    -0.623660
    1.210000    -0.644940
    1.220000    -0.665241
    1.230000    -0.684560
    1.240000    -0.702897
    1.250000    -0.720253
    1.260000    -0.736628
    1.270000    -0.752024
    1.280000    -0.766444
    1.290000    -0.779889
    1.300000    -0.792363
    1.310000    -0.803872
    1.320000    -0.814418
    1.330000    -0.824008
    1.340000    -0.832648
    1.350000    -0.840344
    1.360000    -0.847104
    1.370000    -0.852935
    1.380000    -0.857847
    1.390000    -0.861846
    1.400000    -0.864945
    1.410000    -0.867152
    1.420000    -0.868478
    1.430000    -0.868934
    1.440000    -0.868533
    1.450000    -0.867285
    1.460000    -0.865205
    1.470000    -0.862305
    1.480000    -0.858599
    1.490000    -0.854102
    1.500000    -0.848826
    1.510000    -0.842789
    1.520000    -0.836005
    1.530000    -0.828489
    1.540000    -0.820260
    1.550000    -0.811332
    1.560000    -0.801722
    1.570000    -0.791450
    1.580000    -0.780531
    1.590000    -0.768984
    1.600000    -0.756827
    1.610000    -0.744079
    1.620000    -0.730758
    1.630000    -0.716884
    1.640000    -0.702477
    1.650000    -0.687554
    1.660000    -0.672138
    1.670000    -0.656246
    1.680000    -0.639900
    1.690000    -0.623119
    1.700000    -0.605925
    1.710000    -0.588337
    1.720000    -0.570377
    1.730000    -0.552064
    1.740000    -0.533421
    1.750000    -0.514466
    1.760000    -0.495223
    1.770000    -0.475711
    1.780000    -0.455951
    1.790000    -0.435965
    1.800000    -0.415773
    1.810000    -0.395396
    1.820000    -0.374855
    1.830000    -0.354170
    1.840000    -0.333363
    1.850000    -0.312453
    1.860000    -0.291462
    1.870000    -0.270409
    1.880000    -0.249314
    1.890000    -0.228198
    1.900000    -0.207080
    1.910000    -0.185980
    1.920000    -0.164918
    1.930000    -0.143911
    1.940000    -0.122980
    1.950000    -0.102143
    1.960000    -0.081418
    1.970000    -0.060824
    1.980000    -0.040377
    1.990000    -0.020097
    2.000000    -0.000000
    2.010000     0.019897
    2.020000     0.039578
    2.030000     0.059026
    2.040000     0.078225
    2.050000     0.097160
    2.060000     0.115816
    2.070000     0.134178
    2.080000     0.152232
    2.090000     0.169963
    2.100000     0.187358
    2.110000     0.204405
    2.120000     0.221090
    2.130000     0.237401
    2.140000     0.253327
    2.150000     0.268855
    2.160000     0.283976
    2.170000     0.298678
    2.180000     0.312952
    2.190000     0.326788
    2.200000     0.340178
    2.210000     0.353112
    2.220000     0.365583
    2.230000     0.377582
    2.240000     0.389104
    2.250000     0.400141
    2.260000     0.410687
    2.270000     0.420736
    2.280000     0.430284
    2.290000     0.439326
    2.300000     0.447858
    2.310000     0.455875
    2.320000     0.463376
    2.330000     0.470357
    2.340000     0.476816
    2.350000     0.482751
    2.360000     0.488162
    2.370000     0.493047
    2.380000     0.497407
    2.390000     0.501241
    2.400000     0.504551
    2.410000     0.507338
    2.420000     0.509603
    2.430000     0.511348
    2.440000     0.512577
    2.450000     0.513291
    2.460000     0.513496
    2.470000     0.513194
    2.480000     0.512390
    2.490000     0.511089
    2.500000     0.509296
    2.510000     0.507016
    2.520000     0.504257
    2.530000     0.501023
    2.540000     0.497323
    2.550000     0.493162
    2.560000     0.488550
    2.570000     0.483493
    2.580000     0.477999
    2.590000     0.472079
    2.600000     0.465740
    2.610000     0.458991
    2.620000     0.451843
    2.630000     0.444305
    2.640000     0.436387
    2.650000     0.428100
    2.660000     0.419454
    2.670000     0.410461
    2.680000     0.401131
    2.690000     0.391476
    2.700000     0.381508
    2.710000     0.371239
    2.720000     0.360679
    2.730000     0.349843
    2.740000     0.338741
    2.750000     0.327388
    2.760000     0.315794
    2.770000     0.303974
    2.780000     0.291940
    2.790000     0.279705
    2.800000     0.267283
    2.810000     0.254686
    2.820000     0.241928
    2.830000     0.229022
    2.840000     0.215982
    2.850000     0.202821
    2.860000     0.189552
    2.870000     0.176190
    2.880000     0.162747
    2.890000     0.149237
    2.900000     0.135673
    2.910000     0.122070
    2.920000     0.108439
    2.930000     0.094795
    2.940000     0.081150
    2.950000     0.067518
    2.960000     0.053912
    2.970000     0.040344
    2.980000     0.026828
    2.990000     0.013376
    3.000000    -0.000000
    3.010000    -0.013287
    3.020000    -0.026473
    3.030000    -0.039545
    3.040000    -0.052493
    3.050000    -0.065304
    3.060000    -0.077968
    3.070000    -0.090472
    3.080000    -0.102806
    3.090000    -0.114959
    3.100000    -0.126920
    3.110000    -0.138680
    3.120000    -0.150228
    3.130000    -0.161554
    3.140000    -0.172649
    3.150000    -0.183504
    3.160000    -0.194110
    3.170000    -0.204458
    3.180000    -0.214540
    3.190000    -0.224347
    3.200000    -0.233872
    3.210000    -0.243108
    3.220000    -0.252048
    3.230000    -0.260684
    3.240000    -0.269010
    3.250000    -0.277020
    3.260000    -0.284709
    3.270000    -0.292071
    3.280000    -0.299100
    3.290000    -0.305792
    3.300000    -0.312143
    3.310000    -0.318149
    3.320000    -0.323805
    3.330000    -0.329108
    3.340000    -0.334056
    3.350000    -0.338646
    3.360000    -0.342875
    3.370000    -0.346742
    3.380000    -0.350245
    3.390000    -0.353382
    3.400000    -0.356154
    3.410000    -0.358558
    3.420000    -0.360596
    3.430000    -0.362267
    3.440000    -0.363572
    3.450000    -0.364511
    3.460000    -0.365087
    3.470000    -0.365299
    3.480000    -0.365151
    3.490000    -0.364645
    3.500000    -0.363783
    3.510000    -0.362567
    3.520000    -0.361002
    3.530000    -0.359090
    3.540000    -0.356836
    3.550000    -0.354243
    3.560000    -0.351317
    3.570000    -0.348060
    3.580000    -0.344480
    3.590000    -0.340580
    3.600000    -0.336367
    3.610000    -0.331847
    3.620000    -0.327024
    3.630000    -0.321907
    3.640000    -0.316500
    3.650000    -0.310812
    3.660000    -0.304849
    3.670000    -0.298619
    3.680000    -0.292128
    3.690000    -0.285385
    3.700000    -0.278398
    3.710000    -0.271174
    3.720000    -0.263723
    3.730000    -0.256051
    3.740000    -0.248169
    3.750000    -0.240084
    3.760000    -0.231807
    3.770000    -0.223344
    3.780000    -0.214707
    3.790000    -0.205904
    3.800000    -0.196945
    3.810000    -0.187839
    3.820000    -0.178596
    3.830000    -0.169225
    3.840000    -0.159736
    3.850000    -0.150140
    3.860000    -0.140445
    3.870000    -0.130663
    3.880000    -0.120802
    3.890000    -0.110873
    3.900000    -0.100885
    3.910000    -0.090850
    3.920000    -0.080776
    3.930000    -0.070674
    3.940000    -0.060554
    3.950000    -0.050425
    3.960000    -0.040298
    3.970000    -0.030182
    3.980000    -0.020087
    3.990000    -0.010023
    4.000000    -0.000000
    4.010000     0.009973
    4.020000     0.019887
    4.030000     0.029733
    4.040000     0.039500
    4.050000     0.049180
    4.060000     0.058764
    4.070000     0.068243
    4.080000     0.077608
    4.090000     0.086851
    4.100000     0.095964
    4.110000     0.104938
    4.120000     0.113765
    4.130000     0.122437
    4.140000     0.130947
    4.150000     0.139286
    4.160000     0.147449
    4.170000     0.155427
    4.180000     0.163214
    4.190000     0.170804
    4.200000     0.178188
    4.210000     0.185363
    4.220000     0.192321
    4.230000     0.199056
    4.240000     0.205564
    4.250000     0.211839
    4.260000     0.217876
    4.270000     0.223670
    4.280000     0.229217
    4.290000     0.234512
    4.300000     0.239552
    4.310000     0.244332
    4.320000     0.248850
    4.330000     0.253102
    4.340000     0.257085
    4.350000     0.260796
    4.360000     0.264234
    4.370000     0.267396
    4.380000     0.270280
    4.390000     0.272885
    4.400000     0.275210
    4.410000     0.277253
    4.420000     0.279013
    4.430000     0.280491
    4.440000     0.281686
    4.450000     0.282599
    4.460000     0.283229
    4.470000     0.283577
    4.480000     0.283644
    4.490000     0.283432
    4.500000     0.282942
    4.510000     0.282175
    4.520000     0.281134
    4.530000     0.279821
    4.540000     0.278238
    4.550000     0.276388
    4.560000     0.274273
    4.570000     0.271898
    4.580000     0.269266
    4.590000     0.266380
    4.600000     0.263244
    4.610000     0.259863
    4.620000     0.256240
    4.630000     0.252380
    4.640000     0.248289
    4.650000     0.243971
    4.660000     0.239431
    4.670000     0.234675
    4.680000     0.229708
    4.690000     0.224536
    4.700000     0.219164
    4.710000     0.213600
    4.720000     0.207849
    4.730000     0.201918
    4.740000     0.195813
    4.750000     0.189540
    4.760000     0.183108
    4.770000     0.176522
    4.780000     0.169789
    4.790000     0.162918
    4.800000     0.155915
    4.810000     0.148787
    4.820000     0.141543
    4.830000     0.134189
    4.840000     0.126733
    4.850000     0.119183
    4.860000     0.111547
    4.870000     0.103833
    4.880000     0.096047
    4.890000     0.088199
    4.900000     0.080296
    4.910000     0.072347
    4.920000     0.064358
    4.930000     0.056338
    4.940000     0.048296
    4.950000     0.040238
    4.960000     0.032173
    4.970000     0.024109
    4.980000     0.016054
    4.990000     0.008015
    5.000000     0.000000
    5.010000    -0.007983
    5.020000    -0.015926
    5.030000    -0.023822
    5.040000    -0.031663
    5.050000    -0.039441
    5.060000    -0.047150
    5.070000    -0.054783
    5.080000    -0.062331
    5.090000    -0.069788
    5.100000    -0.077148
    5.110000    -0.084402
    5.120000    -0.091545
    5.130000    -0.098570
    5.140000    -0.105471
    5.150000    -0.112241
    5.160000    -0.118874
    5.170000    -0.125364
    5.180000    -0.131706
    5.190000    -0.137893
    5.200000    -0.143921
    5.210000    -0.149785
    5.220000    -0.155478
    5.230000    -0.160996
    5.240000    -0.166334
    5.250000    -0.171489
    5.260000    -0.176455
    5.270000    -0.181228
    5.280000    -0.185805
    5.290000    -0.190181
    5.300000    -0.194353
    5.310000    -0.198319
    5.320000    -0.202074
    5.330000    -0.205616
    5.340000    -0.208942
    5.350000    -0.212049
    5.360000    -0.214937
    5.370000    -0.217602
    5.380000    -0.220042
    5.390000    -0.222257
    5.400000    -0.224245
    5.410000    -0.226004
    5.420000    -0.227535
    5.430000    -0.228835
    5.440000    -0.229906
    5.450000    -0.230746
    5.460000    -0.231355
    5.470000    -0.231735
    5.480000    -0.231885
    5.490000    -0.231805
    5.500000    -0.231498
    5.510000    -0.230964
    5.520000    -0.230204
    5.530000    -0.229220
    5.540000    -0.228014
    5.550000    -0.226588
    5.560000    -0.224944
    5.570000    -0.223084
    5.580000    -0.221010
    5.590000    -0.218727
    5.600000    -0.216236
    5.610000    -0.213541
    5.620000    -0.210646
    5.630000    -0.207553
    5.640000    -0.204266
    5.650000    -0.200790
    5.660000    -0.197129
    5.670000    -0.193286
    5.680000    -0.189266
    5.690000    -0.185074
    5.700000    -0.180714
    5.710000    -0.176192
    5.720000    -0.171512
    5.730000    -0.166679
    5.740000    -0.161699
    5.750000    -0.156577
    5.760000    -0.151318
    5.770000    -0.145929
    5.780000    -0.140414
    5.790000    -0.134780
    5.800000    -0.129033
    5.810000    -0.123178
    5.820000    -0.117223
    5.830000    -0.111172
    5.840000    -0.105032
    5.850000    -0.098810
    5.860000    -0.092512
    5.870000    -0.086144
    5.880000    -0.079713
    5.890000    -0.073225
    5.900000    -0.066687
    5.910000    -0.060105
    5.920000    -0.053487
    5.930000    -0.046838
    5.940000    -0.040165
    5.950000    -0.033475
    5.960000    -0.026775
    5.970000    -0.020071
    5.980000    -0.013369
    5.990000    -0.006677
    6.000000    -0.000000
    6.010000     0.006654
    6.020000     0.013280
    6.030000     0.019871
    6.040000     0.026420
    6.050000     0.032922
    6.060000     0.039370
    6.070000     0.045758
    6.080000     0.052079
    6.090000     0.058329
    6.100000     0.064500
    6.110000     0.070588
    6.120000     0.076587
    6.130000     0.082490
    6.140000     0.088293
    6.150000     0.093990
    6.160000     0.099576
    6.170000     0.105046
    6.180000     0.110394
    6.190000     0.115617
    6.200000     0.120708
    6.210000     0.125665
    6.220000     0.130481
    6.230000     0.135154
    6.240000     0.139678
    6.250000     0.144051
    6.260000     0.148267
    6.270000     0.152324
    6.280000     0.156218
    6.290000     0.159945
    6.300000     0.163504
    6.310000     0.166889
    6.320000     0.170100
    6.330000     0.173133
    6.340000     0.175986
    6.350000     0.178656
    6.360000     0.181142
    6.370000     0.183441
    6.380000     0.185553
    6.390000     0.187475
    6.400000     0.189207
    6.410000     0.190746
    6.420000     0.192093
    6.430000     0.193247
    6.440000     0.194206
    6.450000     0.194971
    6.460000     0.195542
    6.470000     0.195918
    6.480000     0.196100
    6.490000     0.196088
    6.500000     0.195883
    6.510000     0.195486
    6.520000     0.194897
    6.530000     0.194118
    6.540000     0.193150
    6.550000     0.191994
    6.560000     0.190654
    6.570000     0.189129
    6.580000     0.187422
    6.590000     0.185536
    6.600000     0.183473
    6.610000     0.181235
    6.620000     0.178826
    6.630000     0.176248
    6.640000     0.173503
    6.650000     0.170596
    6.660000     0.167530
    6.670000     0.164307
    6.680000     0.160933
    6.690000     0.157410
    6.700000     0.153742
    6.710000     0.149934
    6.720000     0.145989
    6.730000     0.141912
    6.740000     0.137708
    6.750000     0.133380
    6.760000     0.128934
    6.770000     0.124373
    6.780000     0.119704
    6.790000     0.114930
    6.800000     0.110058
    6.810000     0.105091
    6.820000     0.100035
    6.830000     0.094895
    6.840000     0.089677
    6.850000     0.084385
    6.860000     0.079026
    6.870000     0.073605
    6.880000     0.068127
    6.890000     0.062597
    6.900000     0.057022
    6.910000     0.051407
    6.920000     0.045757
    6.930000     0.040079
    6.940000     0.034378
    6.950000     0.028659
    6.960000     0.022928
    6.970000     0.017191
    6.980000     0.011454
    6.990000     0.005722
    7.000000     0.000000
    7.010000    -0.005705
    7.020000    -0.011389
    7.030000    -0.017044
    7.040000    -0.022668
    7.050000    -0.028252
    7.060000    -0.033793
    7.070000    -0.039286
    7.080000    -0.044723
    7.090000    -0.050102
    7.100000    -0.055416
    7.110000    -0.060660
    7.120000    -0.065830
    7.130000    -0.070921
    7.140000    -0.075927
    7.150000    -0.080845
    7.160000    -0.085669
    7.170000    -0.090395
    7.180000    -0.095019
    7.190000    -0.099536
    7.200000    -0.103943
    7.210000    -0.108235
    7.220000    -0.112409
    7.230000    -0.116460
    7.240000    -0.120386
    7.250000    -0.124182
    7.260000    -0.127845
    7.270000    -0.131372
    7.280000    -0.134759
    7.290000    -0.138005
    7.300000    -0.141106
    7.310000    -0.144059
    7.320000    -0.146862
    7.330000    -0.149513
    7.340000    -0.152009
    7.350000    -0.154349
    7.360000    -0.156530
    7.370000    -0.158551
    7.380000    -0.160410
    7.390000    -0.162106
    7.400000    -0.163638
    7.410000    -0.165005
    7.420000    -0.166205
    7.430000    -0.167238
    7.440000    -0.168103
    7.450000    -0.168801
    7.460000    -0.169330
    7.470000    -0.169691
    7.480000    -0.169883
    7.490000    -0.169908
    7.500000    -0.169765
    7.510000    -0.169456
    7.520000    -0.168980
    7.530000    -0.168338
    7.540000    -0.167533
    7.550000    -0.166565
    7.560000    -0.165435
    7.570000    -0.164145
    7.580000    -0.162696
    7.590000    -0.161091
    7.600000    -0.159332
    7.610000    -0.157420
    7.620000    -0.155358
    7.630000    -0.153148
    7.640000    -0.150793
    7.650000    -0.148296
    7.660000    -0.145659
    7.670000    -0.142885
    7.680000    -0.139978
    7.690000    -0.136940
    7.700000    -0.133776
    7.710000    -0.130487
    7.720000    -0.127079
    7.730000    -0.123554
    7.740000    -0.119916
    7.750000    -0.116170
    7.760000    -0.112319
    7.770000    -0.108367
    7.780000    -0.104318
    7.790000    -0.100177
    7.800000    -0.095948
    7.810000    -0.091635
    7.820000    -0.087242
    7.830000    -0.082775
    7.840000    -0.078238
    7.850000    -0.073635
    7.860000    -0.068972
    7.870000    -0.064252
    7.880000    -0.059481
    7.890000    -0.054663
    7.900000    -0.049804
    7.910000    -0.044908
    7.920000    -0.039980
    7.930000    -0.035025
    7.940000    -0.030048
    7.950000    -0.025054
    7.960000    -0.020048
    7.970000    -0.015034
    7.980000    -0.010018
    7.990000    -0.005005
    8.000000    -0.000000
