   -2.000000     0.000000
   -1.990000     0.199750
   -1.980000     0.282135
   -1.970000     0.345109
   -1.960000     0.397995
   -1.950000     0.444410
   -1.940000     0.486210
   -1.930000     0.524500
   -1.920000     0.560000
   -1.910000     0.593212
   -1.900000     0.624500
   -1.890000     0.654141
   -1.880000     0.682349
   -1.870000     0.709295
   -1.860000     0.735119
   -1.850000     0.759934
   -1.840000     0.783837
   -1.830000     0.806908
   -1.820000     0.829216
   -1.810000     0.850823
   -1.800000     0.871780
   -1.790000     0.892132
   -1.780000     0.911921
   -1.770000     0.931182
   -1.760000     0.949947
   -1.750000     0.968246
   -1.740000     0.986103
   -1.730000     1.003544
   -1.720000     1.020588
   -1.710000     1.037256
   -1.700000     1.053565
   -1.690000     1.069533
   -1.680000     1.085173
   -1.670000     1.100500
   -1.660000     1.115527
   -1.650000     1.130265
   -1.640000     1.144727
   -1.630000     1.158922
   -1.620000     1.172860
   -1.610000     1.186550
   -1.600000     1.200000
   -1.590000     1.213219
   -1.580000     1.226214
   -1.570000     1.238992
   -1.560000     1.251559
   -1.550000     1.263922
   -1.540000     1.276088
   -1.530000     1.288061
   -1.520000     1.299846
   -1.510000     1.311450
   -1.500000     1.322876
   -1.490000     1.334129
   -1.480000     1.345214
   -1.470000     1.356134
   -1.460000     1.366894
   -1.450000     1.377498
   -1.440000     1.387948
   -1.430000     1.398249
   -1.420000     1.408403
   -1.410000     1.418415
   -1.400000     1.428286
   -1.390000     1.438019
   -1.380000     1.447619
   -1.370000     1.457086
   -1.360000     1.466424
   -1.350000     1.475635
   -1.340000     1.484722
   -1.330000     1.493687
   -1.320000     1.502531
   -1.310000     1.511258
   -1.300000     1.519868
   -1.290000     1.528365
   -1.280000     1.536750
   -1.270000     1.545024
   -1.260000     1.553190
   -1.250000     1.561249
   -1.240000     1.569204
   -1.230000     1.577054
   -1.220000     1.584803
   -1.210000     1.592451
   -1.200000     1.600000
   -1.190000     1.607451
   -1.180000     1.614806
   -1.170000     1.622067
   -1.160000     1.629233
   -1.150000     1.636307
   -1.140000     1.643289
   -1.130000     1.650182
   -1.120000     1.656985
   -1.110000     1.663701
   -1.100000     1.670329
   -1.090000     1.676872
   -1.080000     1.683330
   -1.070000     1.689704
   -1.060000     1.695995
   -1.050000     1.702204
   -1.040000     1.708333
   -1.030000     1.714380
   -1.020000     1.720349
   -1.010000     1.726239
   -1.000000     1.732051
   -0.990000     1.737786
   -0.980000     1.743445
   -0.970000     1.749028
   -0.960000     1.754537
   -0.950000     1.759972
   -0.940000     1.765333
   -0.930000     1.770621
   -0.920000     1.775838
   -0.910000     1.780983
   -0.900000     1.786057
   -0.890000     1.791061
   -0.880000     1.795996
   -0.870000     1.800861
   -0.860000     1.805658
   -0.850000     1.810387
   -0.840000     1.815048
   -0.830000     1.819643
   -0.820000     1.824171
   -0.810000     1.828633
   -0.800000     1.833030
   -0.790000     1.837362
   -0.780000     1.841630
   -0.770000     1.845833
   -0.760000     1.849973
   -0.750000     1.854050
   -0.740000     1.858064
   -0.730000     1.862015
   -0.720000     1.865905
   -0.710000     1.869733
   -0.700000     1.873499
   -0.690000     1.877205
   -0.680000     1.880851
   -0.670000     1.884436
   -0.660000     1.887962
   -0.650000     1.891428
   -0.640000     1.894835
   -0.630000     1.898183
   -0.620000     1.901473
   -0.610000     1.904705
   -0.600000     1.907878
   -0.590000     1.910995
   -0.580000     1.914053
   -0.570000     1.917055
   -0.560000     1.920000
   -0.550000     1.922888
   -0.540000     1.925721
   -0.530000     1.928497
   -0.520000     1.931217
   -0.510000     1.933882
   -0.500000     1.936492
   -0.490000     1.939046
   -0.480000     1.941546
   -0.470000     1.943991
   -0.460000     1.946381
   -0.450000     1.948718
   -0.440000     1.951000
   -0.430000     1.953228
   -0.420000     1.955403
   -0.410000     1.957524
   -0.400000     1.959592
   -0.390000     1.961606
   -0.380000     1.963568
   -0.370000     1.965477
   -0.360000     1.967333
   -0.350000     1.969137
   -0.340000     1.970888
   -0.330000     1.972587
   -0.320000     1.974234
   -0.310000     1.975829
   -0.300000     1.977372
   -0.290000     1.978863
   -0.280000     1.980303
   -0.270000     1.981691
   -0.260000     1.983028
   -0.250000     1.984313
   -0.240000     1.985548
   -0.230000     1.986731
   -0.220000     1.987863
   -0.210000     1.988944
   -0.200000     1.989975
   -0.190000     1.990955
   -0.180000     1.991884
   -0.170000     1.992762
   -0.160000     1.993590
   -0.150000     1.994367
   -0.140000     1.995094
   -0.130000     1.995771
   -0.120000     1.996397
   -0.110000     1.996973
   -0.100000     1.997498
   -0.090000     1.997974
   -0.080000     1.998399
   -0.070000     1.998775
   -0.060000     1.999100
   -0.050000     1.999375
   -0.040000     1.999600
   -0.030000     1.999775
   -0.020000     1.999900
   -0.010000     1.999975
    0.000000     2.000000
    0.010000     1.999975
    0.020000     1.999900
    0.030000     1.999775
    0.040000     1.999600
    0.050000     1.999375
    0.060000     1.999100
    0.070000     1.998775
    0.080000     1.998399
    0.090000     1.997974
    0.100000     1.997498
    0.110000     1.996973
    0.120000     1.996397
    0.130000     1.995771
    0.140000     1.995094
    0.150000     1.994367
    0.160000     1.993590
    0.170000     1.992762
    0.180000     1.991884
    0.190000     1.990955
    0.200000     1.989975
    0.210000     1.988944
    0.220000     1.987863
    0.230000     1.986731
    0.240000     1.985548
    0.250000     1.984313
    0.260000     1.983028
    0.270000     1.981691
    0.280000     1.980303
    0.290000     1.978863
    0.300000     1.977372
    0.310000     1.975829
    0.320000     1.974234
    0.330000     1.972587
    0.340000     1.970888
    0.350000     1.969137
    0.360000     1.967333
    0.370000     1.965477
    0.380000     1.963568
    0.390000     1.961606
    0.400000     1.959592
    0.410000     1.957524
    0.420000     1.955403
    0.430000     1.953228
    0.440000     1.951000
    0.450000     1.948718
    0.460000     1.946381
    0.470000     1.943991
    0.480000     1.941546
    0.490000     1.939046
    0.500000     1.936492
    0.510000     1.933882
    0.520000     1.931217
    0.530000     1.928497
    0.540000     1.925721
    0.550000     1.922888
    0.560000     1.920000
    0.570000     1.917055
    0.580000     1.914053
    0.590000     1.910995
    0.600000     1.907878
    0.610000     1.904705
    0.620000     1.901473
    0.630000     1.898183
    0.640000     1.894835
    0.650000     1.891428
    0.660000     1.887962
    0.670000     1.884436
    0.680000     1.880851
    0.690000     1.877205
    0.700000     1.873499
    0.710000     1.869733
    0.720000     1.865905
    0.730000     1.862015
    0.740000     1.858064
    0.750000     1.854050
    0.760000     1.849973
    0.770000     1.845833
    0.780000     1.841630
    0.790000     1.837362
    0.800000     1.833030
    0.810000     1.828633
    0.820000     1.824171
    0.830000     1.819643
    0.840000     1.815048
    0.850000     1.810387
    0.860000     1.805658
    0.870000     1.800861
    0.880000     1.795996
    0.890000     1.791061
    0.900000     1.786057
    0.910000     1.780983
    0.920000     1.775838
    0.930000     1.770621
    0.940000     1.765333
    0.950000     1.759972
    0.960000     1.754537
    0.970000     1.749028
    0.980000     1.743445
    0.990000     1.737786
    1.000000     1.732051
    1.010000     1.726239
    1.020000     1.720349
    1.030000     1.714380
    1.040000     1.708333
    1.050000     1.702204
    1.060000     1.695995
    1.070000     1.689704
    1.080000     1.683330
    1.090000     1.676872
    1.100000     1.670329
    1.110000     1.663701
    1.120000     1.656985
    1.130000     1.650182
    1.140000     1.643289
    1.150000     1.636307
    1.160000     1.629233
    1.170000     1.622067
    1.180000     1.614806
    1.190000     1.607451
    1.200000     1.600000
    1.210000     1.592451
    1.220000     1.584803
    1.230000     1.577054
    1.240000     1.569204
    1.250000     1.561249
    1.260000     1.553190
    1.270000     1.545024
    1.280000     1.536750
    1.290000     1.528365
    1.300000     1.519868
    1.310000     1.511258
    1.320000     1.502531
    1.330000     1.493687
    1.340000     1.484722
    1.350000     1.475635
    1.360000     1.466424
    1.370000     1.457086
    1.380000     1.447619
    1.390000     1.438019
    1.400000     1.428286
    1.410000     1.418415
    1.420000     1.408403
    1.430000     1.398249
    1.440000     1.387948
    1.450000     1.377498
    1.460000     1.366894
    1.470000     1.356134
    1.480000     1.345214
    1.490000     1.334129
    1.500000     1.322876
    1.510000     1.311450
    1.520000     1.299846
    1.530000     1.288061
    1.540000     1.276088
    1.550000     1.263922
    1.560000     1.251559
    1.570000     1.238992
    1.580000     1.226214
    1.590000     1.213219
    1.600000     1.200000
    1.610000     1.186550
    1.620000     1.172860
    1.630000     1.158922
    1.640000     1.144727
    1.650000     1.130265
    1.660000     1.115527
    1.670000     1.100500
    1.680000     1.085173
    1.690000     1.069533
    1.700000     1.053565
    1.710000     1.037256
    1.720000     1.020588
    1.730000     1.003544
    1.740000     0.986103
    1.750000     0.968246
    1.760000     0.949947
    1.770000     0.931182
    1.780000     0.911921
    1.790000     0.892132
    1.800000     0.871780
    1.810000     0.850823
    1.820000     0.829216
    1.830000     0.806908
    1.840000     0.783837
    1.850000     0.759934
    1.860000     0.735119
    1.870000     0.709295
    1.880000     0.682349
    1.890000     0.654141
    1.900000     0.624500
    1.910000     0.593212
    1.920000     0.560000
    1.930000     0.524500
    1.940000     0.486210
    1.950000     0.444410
    1.960000     0.397995
    1.970000     0.345109
    1.980000     0.282135
    1.990000     0.199750
    2.000000     0.000000
