   -3.320000     9.986644
   -3.310000     9.917662
   -3.300000     9.849155
   -3.290000     9.781122
   -3.280000     9.713559
   -3.270000     9.646463
   -3.260000     9.579830
   -3.250000     9.513657
   -3.240000     9.447941
   -3.230000     9.382680
   -3.220000     9.317869
   -3.210000     9.253505
   -3.200000     9.189587
   -3.190000     9.126110
   -3.180000     9.063071
   -3.170000     9.000468
   -3.160000     8.938297
   -3.150000     8.876556
   -3.140000     8.815241
   -3.130000     8.754350
   -3.120000     8.693879
   -3.110000     8.633826
   -3.100000     8.574188
   -3.090000     8.514961
   -3.080000     8.456144
   -3.070000     8.397733
   -3.060000     8.339726
   -3.050000     8.282119
   -3.040000     8.224911
   -3.030000     8.168097
   -3.020000     8.111676
   -3.010000     8.055644
   -3.000000     8.000000
   -2.990000     7.944740
   -2.980000     7.889862
   -2.970000     7.835362
   -2.960000     7.781240
   -2.950000     7.727491
   -2.940000     7.674113
   -2.930000     7.621104
   -2.920000     7.568461
   -2.910000     7.516182
   -2.900000     7.464264
   -2.890000     7.412704
   -2.880000     7.361501
   -2.870000     7.310652
   -2.860000     7.260153
   -2.850000     7.210004
   -2.840000     7.160201
   -2.830000     7.110741
   -2.820000     7.061624
   -2.810000     7.012846
   -2.800000     6.964405
   -2.790000     6.916298
   -2.780000     6.868523
   -2.770000     6.821079
   -2.760000     6.773962
   -2.750000     6.727171
   -2.740000     6.680703
   -2.730000     6.634556
   -2.720000     6.588728
   -2.710000     6.543216
   -2.700000     6.498019
   -2.690000     6.453134
   -2.680000     6.408559
   -2.670000     6.364292
   -2.660000     6.320330
   -2.650000     6.276673
   -2.640000     6.233317
   -2.630000     6.190260
   -2.620000     6.147501
   -2.610000     6.105037
   -2.600000     6.062866
   -2.590000     6.020987
   -2.580000     5.979397
   -2.570000     5.938094
   -2.560000     5.897077
   -2.550000     5.856343
   -2.540000     5.815890
   -2.530000     5.775717
   -2.520000     5.735821
   -2.510000     5.696201
   -2.500000     5.656854
   -2.490000     5.617780
   -2.480000     5.578975
   -2.470000     5.540438
   -2.460000     5.502167
   -2.450000     5.464161
   -2.440000     5.426417
   -2.430000     5.388934
   -2.420000     5.351710
   -2.410000     5.314743
   -2.400000     5.278032
   -2.390000     5.241574
   -2.380000     5.205367
   -2.370000     5.169411
   -2.360000     5.133704
   -2.350000     5.098243
   -2.340000     5.063026
   -2.330000     5.028053
   -2.320000     4.993322
   -2.310000     4.958831
   -2.300000     4.924578
   -2.290000     4.890561
   -2.280000     4.856780
   -2.270000     4.823231
   -2.260000     4.789915
   -2.250000     4.756828
   -2.240000     4.723971
   -2.230000     4.691340
   -2.220000     4.658934
   -2.210000     4.626753
   -2.200000     4.594793
   -2.190000     4.563055
   -2.180000     4.531536
   -2.170000     4.500234
   -2.160000     4.469149
   -2.150000     4.438278
   -2.140000     4.407620
   -2.130000     4.377175
   -2.120000     4.346939
   -2.110000     4.316913
   -2.100000     4.287094
   -2.090000     4.257481
   -2.080000     4.228072
   -2.070000     4.198867
   -2.060000     4.169863
   -2.050000     4.141060
   -2.040000     4.112455
   -2.030000     4.084049
   -2.020000     4.055838
   -2.010000     4.027822
   -2.000000     4.000000
   -1.990000     3.972370
   -1.980000     3.944931
   -1.970000     3.917681
   -1.960000     3.890620
   -1.950000     3.863745
   -1.940000     3.837056
   -1.930000     3.810552
   -1.920000     3.784231
   -1.910000     3.758091
   -1.900000     3.732132
   -1.890000     3.706352
   -1.880000     3.680751
   -1.870000     3.655326
   -1.860000     3.630077
   -1.850000     3.605002
   -1.840000     3.580100
   -1.830000     3.555371
   -1.820000     3.530812
   -1.810000     3.506423
   -1.800000     3.482202
   -1.790000     3.458149
   -1.780000     3.434262
   -1.770000     3.410540
   -1.760000     3.386981
   -1.750000     3.363586
   -1.740000     3.340352
   -1.730000     3.317278
   -1.720000     3.294364
   -1.710000     3.271608
   -1.700000     3.249010
   -1.690000     3.226567
   -1.680000     3.204280
   -1.670000     3.182146
   -1.660000     3.160165
   -1.650000     3.138336
   -1.640000     3.116658
   -1.630000     3.095130
   -1.620000     3.073750
   -1.610000     3.052518
   -1.600000     3.031433
   -1.590000     3.010493
   -1.580000     2.989698
   -1.570000     2.969047
   -1.560000     2.948538
   -1.550000     2.928171
   -1.540000     2.907945
   -1.530000     2.887858
   -1.520000     2.867910
   -1.510000     2.848100
   -1.500000     2.828427
   -1.490000     2.808890
   -1.480000     2.789487
   -1.470000     2.770219
   -1.460000     2.751084
   -1.450000     2.732081
   -1.440000     2.713209
   -1.430000     2.694467
   -1.420000     2.675855
   -1.410000     2.657372
   -1.400000     2.639016
   -1.390000     2.620787
   -1.380000     2.602684
   -1.370000     2.584706
   -1.360000     2.566852
   -1.350000     2.549121
   -1.340000     2.531513
   -1.330000     2.514027
   -1.320000     2.496661
   -1.310000     2.479415
   -1.300000     2.462289
   -1.290000     2.445281
   -1.280000     2.428390
   -1.270000     2.411616
   -1.260000     2.394957
   -1.250000     2.378414
   -1.240000     2.361985
   -1.230000     2.345670
   -1.220000     2.329467
   -1.210000     2.313376
   -1.200000     2.297397
   -1.190000     2.281527
   -1.180000     2.265768
   -1.170000     2.250117
   -1.160000     2.234574
   -1.150000     2.219139
   -1.140000     2.203810
   -1.130000     2.188587
   -1.120000     2.173470
   -1.110000     2.158456
   -1.100000     2.143547
   -1.090000     2.128740
   -1.080000     2.114036
   -1.070000     2.099433
   -1.060000     2.084932
   -1.050000     2.070530
   -1.040000     2.056228
   -1.030000     2.042024
   -1.020000     2.027919
   -1.010000     2.013911
   -1.000000     2.000000
   -0.990000     1.986185
   -0.980000     1.972465
   -0.970000     1.958841
   -0.960000     1.945310
   -0.950000     1.931873
   -0.940000     1.918528
   -0.930000     1.905276
   -0.920000     1.892115
   -0.910000     1.879045
   -0.900000     1.866066
   -0.890000     1.853176
   -0.880000     1.840375
   -0.870000     1.827663
   -0.860000     1.815038
   -0.850000     1.802501
   -0.840000     1.790050
   -0.830000     1.777685
   -0.820000     1.765406
   -0.810000     1.753211
   -0.800000     1.741101
   -0.790000     1.729074
   -0.780000     1.717131
   -0.770000     1.705270
   -0.760000     1.693491
   -0.750000     1.681793
   -0.740000     1.670176
   -0.730000     1.658639
   -0.720000     1.647182
   -0.710000     1.635804
   -0.700000     1.624505
   -0.690000     1.613284
   -0.680000     1.602140
   -0.670000     1.591073
   -0.660000     1.580083
   -0.650000     1.569168
   -0.640000     1.558329
   -0.630000     1.547565
   -0.620000     1.536875
   -0.610000     1.526259
   -0.600000     1.515717
   -0.590000     1.505247
   -0.580000     1.494849
   -0.570000     1.484524
   -0.560000     1.474269
   -0.550000     1.464086
   -0.540000     1.453973
   -0.530000     1.443929
   -0.520000     1.433955
   -0.510000     1.424050
   -0.500000     1.414214
   -0.490000     1.404445
   -0.480000     1.394744
   -0.470000     1.385109
   -0.460000     1.375542
   -0.450000     1.366040
   -0.440000     1.356604
   -0.430000     1.347234
   -0.420000     1.337928
   -0.410000     1.328686
   -0.400000     1.319508
   -0.390000     1.310393
   -0.380000     1.301342
   -0.370000     1.292353
   -0.360000     1.283426
   -0.350000     1.274561
   -0.340000     1.265757
   -0.330000     1.257013
   -0.320000     1.248331
   -0.310000     1.239708
   -0.300000     1.231144
   -0.290000     1.222640
   -0.280000     1.214195
   -0.270000     1.205808
   -0.260000     1.197479
   -0.250000     1.189207
   -0.240000     1.180993
   -0.230000     1.172835
   -0.220000     1.164734
   -0.210000     1.156688
   -0.200000     1.148698
   -0.190000     1.140764
   -0.180000     1.132884
   -0.170000     1.125058
   -0.160000     1.117287
   -0.150000     1.109569
   -0.140000     1.101905
   -0.130000     1.094294
   -0.120000     1.086735
   -0.110000     1.079228
   -0.100000     1.071773
   -0.090000     1.064370
   -0.080000     1.057018
   -0.070000     1.049717
   -0.060000     1.042466
   -0.050000     1.035265
   -0.040000     1.028114
   -0.030000     1.021012
   -0.020000     1.013959
   -0.010000     1.006956
    0.000000     1.000000
    0.010000     0.993092
    0.020000     0.986233
    0.030000     0.979420
    0.040000     0.972655
    0.050000     0.965936
    0.060000     0.959264
    0.070000     0.952638
    0.080000     0.946058
    0.090000     0.939523
    0.100000     0.933033
    0.110000     0.926588
    0.120000     0.920188
    0.130000     0.913831
    0.140000     0.907519
    0.150000     0.901250
    0.160000     0.895025
    0.170000     0.888843
    0.180000     0.882703
    0.190000     0.876606
    0.200000     0.870551
    0.210000     0.864537
    0.220000     0.858565
    0.230000     0.852635
    0.240000     0.846745
    0.250000     0.840896
    0.260000     0.835088
    0.270000     0.829320
    0.280000     0.823591
    0.290000     0.817902
    0.300000     0.812252
    0.310000     0.806642
    0.320000     0.801070
    0.330000     0.795536
    0.340000     0.790041
    0.350000     0.784584
    0.360000     0.779165
    0.370000     0.773782
    0.380000     0.768438
    0.390000     0.763130
    0.400000     0.757858
    0.410000     0.752623
    0.420000     0.747425
    0.430000     0.742262
    0.440000     0.737135
    0.450000     0.732043
    0.460000     0.726986
    0.470000     0.721965
    0.480000     0.716978
    0.490000     0.712025
    0.500000     0.707107
    0.510000     0.702222
    0.520000     0.697372
    0.530000     0.692555
    0.540000     0.687771
    0.550000     0.683020
    0.560000     0.678302
    0.570000     0.673617
    0.580000     0.668964
    0.590000     0.664343
    0.600000     0.659754
    0.610000     0.655197
    0.620000     0.650671
    0.630000     0.646176
    0.640000     0.641713
    0.650000     0.637280
    0.660000     0.632878
    0.670000     0.628507
    0.680000     0.624165
    0.690000     0.619854
    0.700000     0.615572
    0.710000     0.611320
    0.720000     0.607097
    0.730000     0.602904
    0.740000     0.598739
    0.750000     0.594604
    0.760000     0.590496
    0.770000     0.586417
    0.780000     0.582367
    0.790000     0.578344
    0.800000     0.574349
    0.810000     0.570382
    0.820000     0.566442
    0.830000     0.562529
    0.840000     0.558644
    0.850000     0.554785
    0.860000     0.550953
    0.870000     0.547147
    0.880000     0.543367
    0.890000     0.539614
    0.900000     0.535887
    0.910000     0.532185
    0.920000     0.528509
    0.930000     0.524858
    0.940000     0.521233
    0.950000     0.517632
    0.960000     0.514057
    0.970000     0.510506
    0.980000     0.506980
    0.990000     0.503478
    1.000000     0.500000
    1.010000     0.496546
    1.020000     0.493116
    1.030000     0.489710
    1.040000     0.486327
    1.050000     0.482968
    1.060000     0.479632
    1.070000     0.476319
    1.080000     0.473029
    1.090000     0.469761
    1.100000     0.466516
    1.110000     0.463294
    1.120000     0.460094
    1.130000     0.456916
    1.140000     0.453760
    1.150000     0.450625
    1.160000     0.447513
    1.170000     0.444421
    1.180000     0.441351
    1.190000     0.438303
    1.200000     0.435275
    1.210000     0.432269
    1.220000     0.429283
    1.230000     0.426317
    1.240000     0.423373
    1.250000     0.420448
    1.260000     0.417544
    1.270000     0.414660
    1.280000     0.411796
    1.290000     0.408951
    1.300000     0.406126
    1.310000     0.403321
    1.320000     0.400535
    1.330000     0.397768
    1.340000     0.395021
    1.350000     0.392292
    1.360000     0.389582
    1.370000     0.386891
    1.380000     0.384219
    1.390000     0.381565
    1.400000     0.378929
    1.410000     0.376312
    1.420000     0.373712
    1.430000     0.371131
    1.440000     0.368567
    1.450000     0.366021
    1.460000     0.363493
    1.470000     0.360982
    1.480000     0.358489
    1.490000     0.356013
    1.500000     0.353553
    1.510000     0.351111
    1.520000     0.348686
    1.530000     0.346277
    1.540000     0.343885
    1.550000     0.341510
    1.560000     0.339151
    1.570000     0.336808
    1.580000     0.334482
    1.590000     0.332171
    1.600000     0.329877
    1.610000     0.327598
    1.620000     0.325335
    1.630000     0.323088
    1.640000     0.320856
    1.650000     0.318640
    1.660000     0.316439
    1.670000     0.314253
    1.680000     0.312083
    1.690000     0.309927
    1.700000     0.307786
    1.710000     0.305660
    1.720000     0.303549
    1.730000     0.301452
    1.740000     0.299370
    1.750000     0.297302
    1.760000     0.295248
    1.770000     0.293209
    1.780000     0.291183
    1.790000     0.289172
    1.800000     0.287175
    1.810000     0.285191
    1.820000     0.283221
    1.830000     0.281265
    1.840000     0.279322
    1.850000     0.277392
    1.860000     0.275476
    1.870000     0.273573
    1.880000     0.271684
    1.890000     0.269807
    1.900000     0.267943
    1.910000     0.266093
    1.920000     0.264255
    1.930000     0.262429
    1.940000     0.260616
    1.950000     0.258816
    1.960000     0.257028
    1.970000     0.255253
    1.980000     0.253490
    1.990000     0.251739
    2.000000     0.250000
    2.010000     0.248273
    2.020000     0.246558
    2.030000     0.244855
    2.040000     0.243164
    2.050000     0.241484
    2.060000     0.239816
    2.070000     0.238159
    2.080000     0.236514
    2.090000     0.234881
    2.100000     0.233258
    2.110000     0.231647
    2.120000     0.230047
    2.130000     0.228458
    2.140000     0.226880
    2.150000     0.225313
    2.160000     0.223756
    2.170000     0.222211
    2.180000     0.220676
    2.190000     0.219151
    2.200000     0.217638
    2.210000     0.216134
    2.220000     0.214641
    2.230000     0.213159
    2.240000     0.211686
    2.250000     0.210224
    2.260000     0.208772
    2.270000     0.207330
    2.280000     0.205898
    2.290000     0.204476
    2.300000     0.203063
    2.310000     0.201660
    2.320000     0.200267
    2.330000     0.198884
    2.340000     0.197510
    2.350000     0.196146
    2.360000     0.194791
    2.370000     0.193446
    2.380000     0.192109
    2.390000     0.190782
    2.400000     0.189465
    2.410000     0.188156
    2.420000     0.186856
    2.430000     0.185565
    2.440000     0.184284
    2.450000     0.183011
    2.460000     0.181747
    2.470000     0.180491
    2.480000     0.179244
    2.490000     0.178006
    2.500000     0.176777
    2.510000     0.175556
    2.520000     0.174343
    2.530000     0.173139
    2.540000     0.171943
    2.550000     0.170755
    2.560000     0.169576
    2.570000     0.168404
    2.580000     0.167241
    2.590000     0.166086
    2.600000     0.164938
    2.610000     0.163799
    2.620000     0.162668
    2.630000     0.161544
    2.640000     0.160428
    2.650000     0.159320
    2.660000     0.158220
    2.670000     0.157127
    2.680000     0.156041
    2.690000     0.154963
    2.700000     0.153893
    2.710000     0.152830
    2.720000     0.151774
    2.730000     0.150726
    2.740000     0.149685
    2.750000     0.148651
    2.760000     0.147624
    2.770000     0.146604
    2.780000     0.145592
    2.790000     0.144586
    2.800000     0.143587
    2.810000     0.142595
    2.820000     0.141610
    2.830000     0.140632
    2.840000     0.139661
    2.850000     0.138696
    2.860000     0.137738
    2.870000     0.136787
    2.880000     0.135842
    2.890000     0.134904
    2.900000     0.133972
    2.910000     0.133046
    2.920000     0.132127
    2.930000     0.131215
    2.940000     0.130308
    2.950000     0.129408
    2.960000     0.128514
    2.970000     0.127627
    2.980000     0.126745
    2.990000     0.125869
    3.000000     0.125000
    3.010000     0.124137
    3.020000     0.123279
    3.030000     0.122428
    3.040000     0.121582
    3.050000     0.120742
    3.060000     0.119908
    3.070000     0.119080
    3.080000     0.118257
    3.090000     0.117440
    3.100000     0.116629
    3.110000     0.115824
    3.120000     0.115023
    3.130000     0.114229
    3.140000     0.113440
    3.150000     0.112656
    3.160000     0.111878
    3.170000     0.111105
    3.180000     0.110338
    3.190000     0.109576
    3.200000     0.108819
    3.210000     0.108067
    3.220000     0.107321
    3.230000     0.106579
    3.240000     0.105843
    3.250000     0.105112
    3.260000     0.104386
    3.270000     0.103665
    3.280000     0.102949
    3.290000     0.102238
    3.300000     0.101532
    3.310000     0.100830
    3.320000     0.100134
    3.330000     0.099442
    3.340000     0.098755
    3.350000     0.098073
    3.360000     0.097396
    3.370000     0.096723
    3.380000     0.096055
    3.390000     0.095391
    3.400000     0.094732
    3.410000     0.094078
    3.420000     0.093428
    3.430000     0.092783
    3.440000     0.092142
    3.450000     0.091505
    3.460000     0.090873
    3.470000     0.090246
    3.480000     0.089622
    3.490000     0.089003
    3.500000     0.088388
    3.510000     0.087778
    3.520000     0.087171
    3.530000     0.086569
    3.540000     0.085971
    3.550000     0.085378
    3.560000     0.084788
    3.570000     0.084202
    3.580000     0.083620
    3.590000     0.083043
    3.600000     0.082469
    3.610000     0.081900
    3.620000     0.081334
    3.630000     0.080772
    3.640000     0.080214
    3.650000     0.079660
    3.660000     0.079110
    3.670000     0.078563
    3.680000     0.078021
    3.690000     0.077482
    3.700000     0.076947
    3.710000     0.076415
    3.720000     0.075887
    3.730000     0.075363
    3.740000     0.074842
    3.750000     0.074325
    3.760000     0.073812
    3.770000     0.073302
    3.780000     0.072796
    3.790000     0.072293
    3.800000     0.071794
    3.810000     0.071298
    3.820000     0.070805
    3.830000     0.070316
    3.840000     0.069830
    3.850000     0.069348
    3.860000     0.068869
    3.870000     0.068393
    3.880000     0.067921
    3.890000     0.067452
    3.900000     0.066986
    3.910000     0.066523
    3.920000     0.066064
    3.930000     0.065607
    3.940000     0.065154
    3.950000     0.064704
    3.960000     0.064257
    3.970000     0.063813
    3.980000     0.063372
    3.990000     0.062935
    4.000000     0.062500
    4.010000     0.062068
    4.020000     0.061640
    4.030000     0.061214
    4.040000     0.060791
    4.050000     0.060371
    4.060000     0.059954
    4.070000     0.059540
    4.080000     0.059129
    4.090000     0.058720
    4.100000     0.058315
    4.110000     0.057912
    4.120000     0.057512
    4.130000     0.057114
    4.140000     0.056720
    4.150000     0.056328
    4.160000     0.055939
    4.170000     0.055553
    4.180000     0.055169
    4.190000     0.054788
    4.200000     0.054409
    4.210000     0.054034
    4.220000     0.053660
    4.230000     0.053290
    4.240000     0.052922
    4.250000     0.052556
    4.260000     0.052193
    4.270000     0.051832
    4.280000     0.051474
    4.290000     0.051119
    4.300000     0.050766
    4.310000     0.050415
    4.320000     0.050067
    4.330000     0.049721
    4.340000     0.049378
    4.350000     0.049037
    4.360000     0.048698
    4.370000     0.048361
    4.380000     0.048027
    4.390000     0.047696
    4.400000     0.047366
    4.410000     0.047039
    4.420000     0.046714
    4.430000     0.046391
    4.440000     0.046071
    4.450000     0.045753
    4.460000     0.045437
    4.470000     0.045123
    4.480000     0.044811
    4.490000     0.044502
    4.500000     0.044194
    4.510000     0.043889
    4.520000     0.043586
    4.530000     0.043285
    4.540000     0.042986
    4.550000     0.042689
    4.560000     0.042394
    4.570000     0.042101
    4.580000     0.041810
    4.590000     0.041521
    4.600000     0.041235
    4.610000     0.040950
    4.620000     0.040667
    4.630000     0.040386
    4.640000     0.040107
    4.650000     0.039830
    4.660000     0.039555
    4.670000     0.039282
    4.680000     0.039010
    4.690000     0.038741
    4.700000     0.038473
    4.710000     0.038208
    4.720000     0.037944
    4.730000     0.037681
    4.740000     0.037421
    4.750000     0.037163
    4.760000     0.036906
    4.770000     0.036651
    4.780000     0.036398
    4.790000     0.036147
    4.800000     0.035897
    4.810000     0.035649
    4.820000     0.035403
    4.830000     0.035158
    4.840000     0.034915
    4.850000     0.034674
    4.860000     0.034435
    4.870000     0.034197
    4.880000     0.033960
    4.890000     0.033726
    4.900000     0.033493
    4.910000     0.033262
    4.920000     0.033032
    4.930000     0.032804
    4.940000     0.032577
    4.950000     0.032352
    4.960000     0.032129
    4.970000     0.031907
    4.980000     0.031686
    4.990000     0.031467
    5.000000     0.031250
    5.010000     0.031034
    5.020000     0.030820
    5.030000     0.030607
    5.040000     0.030395
    5.050000     0.030186
    5.060000     0.029977
    5.070000     0.029770
    5.080000     0.029564
    5.090000     0.029360
    5.100000     0.029157
    5.110000     0.028956
    5.120000     0.028756
    5.130000     0.028557
    5.140000     0.028360
    5.150000     0.028164
    5.160000     0.027970
    5.170000     0.027776
    5.180000     0.027584
    5.190000     0.027394
    5.200000     0.027205
    5.210000     0.027017
    5.220000     0.026830
    5.230000     0.026645
    5.240000     0.026461
    5.250000     0.026278
    5.260000     0.026096
    5.270000     0.025916
    5.280000     0.025737
    5.290000     0.025559
    5.300000     0.025383
    5.310000     0.025208
    5.320000     0.025033
    5.330000     0.024861
    5.340000     0.024689
    5.350000     0.024518
    5.360000     0.024349
    5.370000     0.024181
    5.380000     0.024014
    5.390000     0.023848
    5.400000     0.023683
    5.410000     0.023519
    5.420000     0.023357
    5.430000     0.023196
    5.440000     0.023035
    5.450000     0.022876
    5.460000     0.022718
    5.470000     0.022561
    5.480000     0.022406
    5.490000     0.022251
    5.500000     0.022097
    5.510000     0.021944
    5.520000     0.021793
    5.530000     0.021642
    5.540000     0.021493
    5.550000     0.021344
    5.560000     0.021197
    5.570000     0.021051
    5.580000     0.020905
    5.590000     0.020761
    5.600000     0.020617
    5.610000     0.020475
    5.620000     0.020333
    5.630000     0.020193
    5.640000     0.020054
    5.650000     0.019915
    5.660000     0.019777
    5.670000     0.019641
    5.680000     0.019505
    5.690000     0.019370
    5.700000     0.019237
    5.710000     0.019104
    5.720000     0.018972
    5.730000     0.018841
    5.740000     0.018711
    5.750000     0.018581
    5.760000     0.018453
    5.770000     0.018326
    5.780000     0.018199
    5.790000     0.018073
    5.800000     0.017948
    5.810000     0.017824
    5.820000     0.017701
    5.830000     0.017579
    5.840000     0.017458
    5.850000     0.017337
    5.860000     0.017217
    5.870000     0.017098
    5.880000     0.016980
    5.890000     0.016863
    5.900000     0.016746
    5.910000     0.016631
    5.920000     0.016516
    5.930000     0.016402
    5.940000     0.016289
    5.950000     0.016176
    5.960000     0.016064
    5.970000     0.015953
    5.980000     0.015843
    5.990000     0.015734
    6.000000     0.015625
    6.010000     0.015517
    6.020000     0.015410
    6.030000     0.015303
    6.040000     0.015198
    6.050000     0.015093
    6.060000     0.014989
    6.070000     0.014885
    6.080000     0.014782
    6.090000     0.014680
    6.100000     0.014579
    6.110000     0.014478
    6.120000     0.014378
    6.130000     0.014279
    6.140000     0.014180
    6.150000     0.014082
    6.160000     0.013985
    6.170000     0.013888
    6.180000     0.013792
    6.190000     0.013697
    6.200000     0.013602
    6.210000     0.013508
    6.220000     0.013415
    6.230000     0.013322
    6.240000     0.013230
    6.250000     0.013139
    6.260000     0.013048
    6.270000     0.012958
    6.280000     0.012869
    6.290000     0.012780
    6.300000     0.012691
    6.310000     0.012604
    6.320000     0.012517
    6.330000     0.012430
    6.340000     0.012344
    6.350000     0.012259
    6.360000     0.012174
    6.370000     0.012090
    6.380000     0.012007
    6.390000     0.011924
    6.400000     0.011842
    6.410000     0.011760
    6.420000     0.011679
    6.430000     0.011598
    6.440000     0.011518
    6.450000     0.011438
    6.460000     0.011359
    6.470000     0.011281
    6.480000     0.011203
    6.490000     0.011125
    6.500000     0.011049
    6.510000     0.010972
    6.520000     0.010896
    6.530000     0.010821
    6.540000     0.010746
    6.550000     0.010672
    6.560000     0.010598
    6.570000     0.010525
    6.580000     0.010453
    6.590000     0.010380
    6.600000     0.010309
    6.610000     0.010237
    6.620000     0.010167
    6.630000     0.010097
    6.640000     0.010027
    6.650000     0.009958
    6.660000     0.009889
    6.670000     0.009820
    6.680000     0.009753
    6.690000     0.009685
    6.700000     0.009618
    6.710000     0.009552
    6.720000     0.009486
    6.730000     0.009420
    6.740000     0.009355
    6.750000     0.009291
    6.760000     0.009227
    6.770000     0.009163
    6.780000     0.009099
    6.790000     0.009037
    6.800000     0.008974
    6.810000     0.008912
    6.820000     0.008851
    6.830000     0.008790
    6.840000     0.008729
    6.850000     0.008669
    6.860000     0.008609
    6.870000     0.008549
    6.880000     0.008490
    6.890000     0.008431
    6.900000     0.008373
    6.910000     0.008315
    6.920000     0.008258
    6.930000     0.008201
    6.940000     0.008144
    6.950000     0.008088
    6.960000     0.008032
    6.970000     0.007977
    6.980000     0.007922
    6.990000     0.007867
    7.000000     0.007812
    7.010000     0.007759
    7.020000     0.007705
    7.030000     0.007652
    7.040000     0.007599
    7.050000     0.007546
    7.060000     0.007494
    7.070000     0.007442
    7.080000     0.007391
    7.090000     0.007340
    7.100000     0.007289
    7.110000     0.007239
    7.120000     0.007189
    7.130000     0.007139
    7.140000     0.007090
    7.150000     0.007041
    7.160000     0.006992
    7.170000     0.006944
    7.180000     0.006896
    7.190000     0.006848
    7.200000     0.006801
    7.210000     0.006754
    7.220000     0.006708
    7.230000     0.006661
    7.240000     0.006615
    7.250000     0.006570
    7.260000     0.006524
    7.270000     0.006479
    7.280000     0.006434
    7.290000     0.006390
    7.300000     0.006346
    7.310000     0.006302
    7.320000     0.006258
    7.330000     0.006215
    7.340000     0.006172
    7.350000     0.006130
    7.360000     0.006087
    7.370000     0.006045
    7.380000     0.006003
    7.390000     0.005962
    7.400000     0.005921
    7.410000     0.005880
    7.420000     0.005839
    7.430000     0.005799
    7.440000     0.005759
    7.450000     0.005719
    7.460000     0.005680
    7.470000     0.005640
    7.480000     0.005601
    7.490000     0.005563
    7.500000     0.005524
    7.510000     0.005486
    7.520000     0.005448
    7.530000     0.005411
    7.540000     0.005373
    7.550000     0.005336
    7.560000     0.005299
    7.570000     0.005263
    7.580000     0.005226
    7.590000     0.005190
    7.600000     0.005154
    7.610000     0.005119
    7.620000     0.005083
    7.630000     0.005048
    7.640000     0.005013
    7.650000     0.004979
    7.660000     0.004944
    7.670000     0.004910
    7.680000     0.004876
    7.690000     0.004843
    7.700000     0.004809
    7.710000     0.004776
    7.720000     0.004743
    7.730000     0.004710
    7.740000     0.004678
    7.750000     0.004645
    7.760000     0.004613
    7.770000     0.004581
    7.780000     0.004550
    7.790000     0.004518
    7.800000     0.004487
    7.810000     0.004456
    7.820000     0.004425
    7.830000     0.004395
    7.840000     0.004364
    7.850000     0.004334
    7.860000     0.004304
    7.870000     0.004275
    7.880000     0.004245
    7.890000     0.004216
    7.900000     0.004187
    7.910000     0.004158
    7.920000     0.004129
    7.930000     0.004100
    7.940000     0.004072
    7.950000     0.004044
    7.960000     0.004016
    7.970000     0.003988
    7.980000     0.003961
    7.990000     0.003933
    8.000000     0.003906
