   -8.000000     0.000000
   -7.990000     0.000000
   -7.980000     0.000000
   -7.970000     0.000000
   -7.960000     0.000000
   -7.950000     0.000000
   -7.940000     0.000000
   -7.930000     0.000000
   -7.920000     0.000000
   -7.910000     0.000000
   -7.900000     0.000000
   -7.890000     0.000000
   -7.880000     0.000000
   -7.870000     0.000000
   -7.860000     0.000000
   -7.850000     0.000000
   -7.840000     0.000000
   -7.830000     0.000000
   -7.820000     0.000000
   -7.810000     0.000000
   -7.800000     0.000000
   -7.790000     0.000000
   -7.780000     0.000000
   -7.770000     0.000000
   -7.760000     0.000000
   -7.750000     0.000000
   -7.740000     0.000000
   -7.730000     0.000000
   -7.720000     0.000000
   -7.710000     0.000000
   -7.700000     0.000000
   -7.690000     0.000000
   -7.680000     0.000000
   -7.670000     0.000000
   -7.660000     0.000000
   -7.650000     0.000000
   -7.640000     0.000000
   -7.630000     0.000000
   -7.620000     0.000000
   -7.610000     0.000000
   -7.600000     0.000000
   -7.590000     0.000000
   -7.580000     0.000000
   -7.570000     0.000000
   -7.560000     0.000000
   -7.550000     0.000000
   -7.540000     0.000000
   -7.530000     0.000000
   -7.520000     0.000000
   -7.510000     0.000000
   -7.500000     0.000000
   -7.490000     0.000000
   -7.480000     0.000000
   -7.470000     0.000000
   -7.460000     0.000000
   -7.450000     0.000000
   -7.440000     0.000000
   -7.430000     0.000000
   -7.420000     0.000000
   -7.410000     0.000000
   -7.400000     0.000000
   -7.390000     0.000000
   -7.380000     0.000000
   -7.370000     0.000000
   -7.360000     0.000000
   -7.350000     0.000000
   -7.340000     0.000000
   -7.330000     0.000000
   -7.320000     0.000000
   -7.310000     0.000000
   -7.300000     0.000000
   -7.290000     0.000000
   -7.280000     0.000000
   -7.270000     0.000000
   -7.260000     0.000000
   -7.250000     0.000000
   -7.240000     0.000000
   -7.230000     0.000000
   -7.220000     0.000000
   -7.210000     0.000000
   -7.200000     0.000000
   -7.190000     0.000000
   -7.180000     0.000000
   -7.170000     0.000000
   -7.160000     0.000000
   -7.150000     0.000000
   -7.140000     0.000000
   -7.130000     0.000000
   -7.120000     0.000000
   -7.110000     0.000000
   -7.100000     0.000000
   -7.090000     0.000000
   -7.080000     0.000000
   -7.070000     0.000000
   -7.060000     0.000000
   -7.050000     0.000000
   -7.040000     0.000000
   -7.030000     0.000000
   -7.020000     0.000000
   -7.010000     0.000000
   -7.000000     0.000000
   -6.990000     0.000000
   -6.980000     0.000000
   -6.970000     0.000000
   -6.960000     0.000000
   -6.950000     0.000000
   -6.940000     0.000000
   -6.930000     0.000000
   -6.920000     0.000000
   -6.910000     0.000000
   -6.900000     0.000000
   -6.890000     0.000000
   -6.880000     0.000000
   -6.870000     0.000000
   -6.860000     0.000000
   -6.850000     0.000000
   -6.840000     0.000000
   -6.830000     0.000000
   -6.820000     0.000000
   -6.810000     0.000000
   -6.800000     0.000000
   -6.790000     0.000000
   -6.780000     0.000000
   -6.770000     0.000000
   -6.760000     0.000000
   -6.750000     0.000000
   -6.740000     0.000000
   -6.730000     0.000000
   -6.720000     0.000000
   -6.710000     0.000000
   -6.700000     0.000000
   -6.690000     0.000000
   -6.680000     0.000000
   -6.670000     0.000000
   -6.660000     0.000000
   -6.650000     0.000000
   -6.640000     0.000000
   -6.630000     0.000000
   -6.620000     0.000000
   -6.610000     0.000000
   -6.600000     0.000000
   -6.590000     0.000000
   -6.580000     0.000000
   -6.570000     0.000000
   -6.560000     0.000000
   -6.550000     0.000000
   -6.540000     0.000000
   -6.530000     0.000000
   -6.520000     0.000000
   -6.510000     0.000000
   -6.500000     0.000000
   -6.490000     0.000000
   -6.480000     0.000000
   -6.470000     0.000000
   -6.460000     0.000000
   -6.450000     0.000000
   -6.440000     0.000000
   -6.430000     0.000000
   -6.420000     0.000000
   -6.410000     0.000000
   -6.400000     0.000000
   -6.390000     0.000000
   -6.380000     0.000000
   -6.370000     0.000000
   -6.360000     0.000000
   -6.350000     0.000000
   -6.340000     0.000000
   -6.330000     0.000000
   -6.320000     0.000000
   -6.310000     0.000000
   -6.300000     0.000000
   -6.290000     0.000000
   -6.280000     0.000000
   -6.270000     0.000000
   -6.260000     0.000000
   -6.250000     0.000000
   -6.240000     0.000000
   -6.230000     0.000000
   -6.220000     0.000000
   -6.210000     0.000000
   -6.200000     0.000000
   -6.190000     0.000000
   -6.180000     0.000000
   -6.170000     0.000000
   -6.160000     0.000000
   -6.150000     0.000000
   -6.140000     0.000000
   -6.130000     0.000000
   -6.120000     0.000000
   -6.110000     0.000000
   -6.100000     0.000000
   -6.090000     0.000000
   -6.080000     0.000000
   -6.070000     0.000000
   -6.060000     0.000000
   -6.050000     0.000000
   -6.040000     0.000000
   -6.030000     0.000000
   -6.020000     0.000000
   -6.010000     0.000000
   -6.000000     0.000000
   -5.990000     0.000000
   -5.980000     0.000000
   -5.970000     0.000000
   -5.960000     0.000000
   -5.950000     0.000000
   -5.940000     0.000000
   -5.930000     0.000000
   -5.920000     0.000000
   -5.910000     0.000000
   -5.900000     0.000000
   -5.890000     0.000000
   -5.880000     0.000000
   -5.870000     0.000000
   -5.860000     0.000000
   -5.850000     0.000000
   -5.840000     0.000000
   -5.830000     0.000000
   -5.820000     0.000000
   -5.810000     0.000000
   -5.800000     0.000000
   -5.790000     0.000000
   -5.780000     0.000000
   -5.770000     0.000000
   -5.760000     0.000000
   -5.750000     0.000000
   -5.740000     0.000000
   -5.730000     0.000000
   -5.720000     0.000000
   -5.710000     0.000000
   -5.700000     0.000000
   -5.690000     0.000000
   -5.680000     0.000000
   -5.670000     0.000000
   -5.660000     0.000000
   -5.650000     0.000000
   -5.640000     0.000000
   -5.630000     0.000000
   -5.620000     0.000000
   -5.610000     0.000000
   -5.600000     0.000000
   -5.590000     0.000000
   -5.580000     0.000000
   -5.570000     0.000000
   -5.560000     0.000000
   -5.550000     0.000000
   -5.540000     0.000000
   -5.530000     0.000000
   -5.520000     0.000000
   -5.510000     0.000000
   -5.500000     0.000000
   -5.490000     0.000000
   -5.480000     0.000000
   -5.470000     0.000000
   -5.460000     0.000000
   -5.450000     0.000000
   -5.440000     0.000000
   -5.430000     0.000000
   -5.420000     0.000000
   -5.410000     0.000000
   -5.400000     0.000000
   -5.390000     0.000000
   -5.380000     0.000000
   -5.370000     0.000000
   -5.360000     0.000000
   -5.350000     0.000000
   -5.340000     0.000000
   -5.330000     0.000000
   -5.320000     0.000000
   -5.310000     0.000000
   -5.300000     0.000000
   -5.290000     0.000000
   -5.280000     0.000000
   -5.270000     0.000000
   -5.260000     0.000000
   -5.250000     0.000000
   -5.240000     0.000000
   -5.230000     0.000000
   -5.220000     0.000000
   -5.210000     0.000000
   -5.200000     0.000000
   -5.190000     0.000000
   -5.180000     0.000000
   -5.170000     0.000000
   -5.160000     0.000000
   -5.150000     0.000000
   -5.140000     0.000000
   -5.130000     0.000000
   -5.120000     0.000000
   -5.110000     0.000000
   -5.100000     0.000000
   -5.090000     0.000000
   -5.080000     0.000000
   -5.070000     0.000000
   -5.060000     0.000000
   -5.050000     0.000000
   -5.040000     0.000000
   -5.030000     0.000000
   -5.020000     0.000000
   -5.010000     0.000000
   -5.000000     0.000000
   -4.990000     0.000000
   -4.980000     0.000000
   -4.970000     0.000000
   -4.960000     0.000000
   -4.950000     0.000000
   -4.940000     0.000000
   -4.930000     0.000000
   -4.920000     0.000000
   -4.910000     0.000000
   -4.900000     0.000000
   -4.890000     0.000000
   -4.880000     0.000000
   -4.870000     0.000000
   -4.860000     0.000000
   -4.850000     0.000000
   -4.840000     0.000000
   -4.830000     0.000000
   -4.820000     0.000000
   -4.810000     0.000000
   -4.800000     0.000000
   -4.790000     0.000000
   -4.780000     0.000000
   -4.770000     0.000000
   -4.760000     0.000000
   -4.750000     0.000000
   -4.740000     0.000000
   -4.730000     0.000000
   -4.720000     0.000000
   -4.710000     0.000000
   -4.700000     0.000000
   -4.690000     0.000000
   -4.680000     0.000000
   -4.670000     0.000000
   -4.660000     0.000000
   -4.650000     0.000000
   -4.640000     0.000000
   -4.630000     0.000000
   -4.620000     0.000000
   -4.610000     0.000000
   -4.600000     0.000000
   -4.590000     0.000000
   -4.580000     0.000000
   -4.570000     0.000000
   -4.560000     0.000000
   -4.550000     0.000000
   -4.540000     0.000000
   -4.530000     0.000000
   -4.520000     0.000000
   -4.510000     0.000000
   -4.500000     0.000000
   -4.490000     0.000000
   -4.480000     0.000000
   -4.470000     0.000000
   -4.460000     0.000000
   -4.450000     0.000000
   -4.440000     0.000000
   -4.430000     0.000000
   -4.420000     0.000000
   -4.410000     0.000000
   -4.400000     0.000000
   -4.390000     0.000000
   -4.380000     0.000000
   -4.370000     0.000000
   -4.360000     0.000000
   -4.350000     0.000000
   -4.340000     0.000000
   -4.330000     0.000000
   -4.320000     0.000000
   -4.310000     0.000000
   -4.300000     0.000000
   -4.290000     0.000000
   -4.280000     0.000000
   -4.270000     0.000000
   -4.260000     0.000000
   -4.250000     0.000000
   -4.240000     0.000000
   -4.230000     0.000000
   -4.220000     0.000000
   -4.210000     0.000000
   -4.200000     0.000000
   -4.190000     0.000000
   -4.180000     0.000000
   -4.170000     0.000000
   -4.160000     0.000000
   -4.150000     0.000000
   -4.140000     0.000000
   -4.130000     0.000000
   -4.120000     0.000000
   -4.110000     0.000000
   -4.100000     0.000000
   -4.090000     0.000000
   -4.080000     0.000000
   -4.070000     0.000000
   -4.060000     0.000000
   -4.050000     0.000000
   -4.040000     0.000000
   -4.030000     0.000000
   -4.020000     0.000000
   -4.010000     0.000000
   -4.000000     0.000000
   -3.990000     0.000000
   -3.980000     0.000000
   -3.970000     0.000000
   -3.960000     0.000000
   -3.950000     0.000001
   -3.940000     0.000001
   -3.930000     0.000001
   -3.920000     0.000001
   -3.910000     0.000001
   -3.900000     0.000001
   -3.890000     0.000001
   -3.880000     0.000001
   -3.870000     0.000001
   -3.860000     0.000001
   -3.850000     0.000001
   -3.840000     0.000001
   -3.830000     0.000001
   -3.820000     0.000001
   -3.810000     0.000001
   -3.800000     0.000002
   -3.790000     0.000002
   -3.780000     0.000002
   -3.770000     0.000002
   -3.760000     0.000002
   -3.750000     0.000002
   -3.740000     0.000003
   -3.730000     0.000003
   -3.720000     0.000003
   -3.710000     0.000003
   -3.700000     0.000003
   -3.690000     0.000004
   -3.680000     0.000004
   -3.670000     0.000004
   -3.660000     0.000005
   -3.650000     0.000005
   -3.640000     0.000005
   -3.630000     0.000006
   -3.620000     0.000006
   -3.610000     0.000007
   -3.600000     0.000007
   -3.590000     0.000008
   -3.580000     0.000008
   -3.570000     0.000009
   -3.560000     0.000009
   -3.550000     0.000010
   -3.540000     0.000011
   -3.530000     0.000012
   -3.520000     0.000012
   -3.510000     0.000013
   -3.500000     0.000014
   -3.490000     0.000015
   -3.480000     0.000017
   -3.470000     0.000018
   -3.460000     0.000019
   -3.450000     0.000020
   -3.440000     0.000022
   -3.430000     0.000023
   -3.420000     0.000025
   -3.410000     0.000027
   -3.400000     0.000029
   -3.390000     0.000031
   -3.380000     0.000033
   -3.370000     0.000035
   -3.360000     0.000038
   -3.350000     0.000040
   -3.340000     0.000043
   -3.330000     0.000046
   -3.320000     0.000049
   -3.310000     0.000052
   -3.300000     0.000056
   -3.290000     0.000060
   -3.280000     0.000064
   -3.270000     0.000068
   -3.260000     0.000073
   -3.250000     0.000078
   -3.240000     0.000083
   -3.230000     0.000088
   -3.220000     0.000094
   -3.210000     0.000100
   -3.200000     0.000107
   -3.190000     0.000114
   -3.180000     0.000122
   -3.170000     0.000130
   -3.160000     0.000138
   -3.150000     0.000147
   -3.140000     0.000157
   -3.130000     0.000167
   -3.120000     0.000178
   -3.110000     0.000189
   -3.100000     0.000201
   -3.090000     0.000214
   -3.080000     0.000228
   -3.070000     0.000242
   -3.060000     0.000257
   -3.050000     0.000274
   -3.040000     0.000291
   -3.030000     0.000309
   -3.020000     0.000328
   -3.010000     0.000349
   -3.000000     0.000370
   -2.990000     0.000393
   -2.980000     0.000417
   -2.970000     0.000443
   -2.960000     0.000470
   -2.950000     0.000499
   -2.940000     0.000529
   -2.930000     0.000561
   -2.920000     0.000595
   -2.910000     0.000630
   -2.900000     0.000668
   -2.890000     0.000708
   -2.880000     0.000750
   -2.870000     0.000794
   -2.860000     0.000841
   -2.850000     0.000890
   -2.840000     0.000942
   -2.830000     0.000997
   -2.820000     0.001055
   -2.810000     0.001117
   -2.800000     0.001181
   -2.790000     0.001249
   -2.780000     0.001320
   -2.770000     0.001396
   -2.760000     0.001475
   -2.750000     0.001559
   -2.740000     0.001647
   -2.730000     0.001739
   -2.720000     0.001837
   -2.710000     0.001939
   -2.700000     0.002047
   -2.690000     0.002160
   -2.680000     0.002280
   -2.670000     0.002405
   -2.660000     0.002536
   -2.650000     0.002675
   -2.640000     0.002820
   -2.630000     0.002973
   -2.620000     0.003133
   -2.610000     0.003301
   -2.600000     0.003478
   -2.590000     0.003663
   -2.580000     0.003857
   -2.570000     0.004061
   -2.560000     0.004275
   -2.550000     0.004499
   -2.540000     0.004734
   -2.530000     0.004980
   -2.520000     0.005238
   -2.510000     0.005508
   -2.500000     0.005791
   -2.490000     0.006088
   -2.480000     0.006398
   -2.470000     0.006723
   -2.460000     0.007062
   -2.450000     0.007418
   -2.440000     0.007789
   -2.430000     0.008178
   -2.420000     0.008585
   -2.410000     0.009009
   -2.400000     0.009453
   -2.390000     0.009917
   -2.380000     0.010402
   -2.370000     0.010908
   -2.360000     0.011436
   -2.350000     0.011988
   -2.340000     0.012563
   -2.330000     0.013164
   -2.320000     0.013790
   -2.310000     0.014444
   -2.300000     0.015125
   -2.290000     0.015836
   -2.280000     0.016576
   -2.270000     0.017348
   -2.260000     0.018152
   -2.250000     0.018989
   -2.240000     0.019861
   -2.230000     0.020769
   -2.220000     0.021714
   -2.210000     0.022698
   -2.200000     0.023721
   -2.190000     0.024786
   -2.180000     0.025893
   -2.170000     0.027044
   -2.160000     0.028241
   -2.150000     0.029485
   -2.140000     0.030777
   -2.130000     0.032120
   -2.120000     0.033514
   -2.110000     0.034962
   -2.100000     0.036466
   -2.090000     0.038026
   -2.080000     0.039645
   -2.070000     0.041325
   -2.060000     0.043067
   -2.050000     0.044874
   -2.040000     0.046748
   -2.030000     0.048690
   -2.020000     0.050702
   -2.010000     0.052787
   -2.000000     0.054947
   -1.990000     0.057184
   -1.980000     0.059499
   -1.970000     0.061897
   -1.960000     0.064378
   -1.950000     0.066945
   -1.940000     0.069600
   -1.930000     0.072347
   -1.920000     0.075186
   -1.910000     0.078122
   -1.900000     0.081156
   -1.890000     0.084290
   -1.880000     0.087529
   -1.870000     0.090873
   -1.860000     0.094327
   -1.850000     0.097892
   -1.840000     0.101572
   -1.830000     0.105369
   -1.820000     0.109286
   -1.810000     0.113326
   -1.800000     0.117492
   -1.790000     0.121786
   -1.780000     0.126213
   -1.770000     0.130774
   -1.760000     0.135472
   -1.750000     0.140312
   -1.740000     0.145295
   -1.730000     0.150425
   -1.720000     0.155706
   -1.710000     0.161139
   -1.700000     0.166729
   -1.690000     0.172478
   -1.680000     0.178389
   -1.670000     0.184466
   -1.660000     0.190713
   -1.650000     0.197131
   -1.640000     0.203724
   -1.630000     0.210496
   -1.620000     0.217450
   -1.610000     0.224588
   -1.600000     0.231914
   -1.590000     0.239432
   -1.580000     0.247143
   -1.570000     0.255052
   -1.560000     0.263161
   -1.550000     0.271474
   -1.540000     0.279994
   -1.530000     0.288723
   -1.520000     0.297665
   -1.510000     0.306822
   -1.500000     0.316198
   -1.490000     0.325795
   -1.480000     0.335616
   -1.470000     0.345664
   -1.460000     0.355942
   -1.450000     0.366452
   -1.440000     0.377197
   -1.430000     0.388179
   -1.420000     0.399402
   -1.410000     0.410866
   -1.400000     0.422575
   -1.390000     0.434531
   -1.380000     0.446736
   -1.370000     0.459192
   -1.360000     0.471900
   -1.350000     0.484864
   -1.340000     0.498083
   -1.330000     0.511561
   -1.320000     0.525299
   -1.310000     0.539298
   -1.300000     0.553559
   -1.290000     0.568083
   -1.280000     0.582872
   -1.270000     0.597926
   -1.260000     0.613247
   -1.250000     0.628834
   -1.240000     0.644689
   -1.230000     0.660811
   -1.220000     0.677201
   -1.210000     0.693858
   -1.200000     0.710783
   -1.190000     0.727976
   -1.180000     0.745435
   -1.170000     0.763160
   -1.160000     0.781150
   -1.150000     0.799405
   -1.140000     0.817922
   -1.130000     0.836702
   -1.120000     0.855741
   -1.110000     0.875038
   -1.100000     0.894592
   -1.090000     0.914400
   -1.080000     0.934459
   -1.070000     0.954767
   -1.060000     0.975322
   -1.050000     0.996120
   -1.040000     1.017158
   -1.030000     1.038432
   -1.020000     1.059940
   -1.010000     1.081677
   -1.000000     1.103638
   -0.990000     1.125821
   -0.980000     1.148219
   -0.970000     1.170829
   -0.960000     1.193646
   -0.950000     1.216664
   -0.940000     1.239877
   -0.930000     1.263281
   -0.920000     1.286869
   -0.910000     1.310636
   -0.900000     1.334574
   -0.890000     1.358678
   -0.880000     1.382941
   -0.870000     1.407355
   -0.860000     1.431914
   -0.850000     1.456611
   -0.840000     1.481437
   -0.830000     1.506384
   -0.820000     1.531446
   -0.810000     1.556613
   -0.800000     1.581877
   -0.790000     1.607230
   -0.780000     1.632663
   -0.770000     1.658166
   -0.760000     1.683731
   -0.750000     1.709348
   -0.740000     1.735008
   -0.730000     1.760701
   -0.720000     1.786418
   -0.710000     1.812147
   -0.700000     1.837879
   -0.690000     1.863604
   -0.680000     1.889311
   -0.670000     1.914990
   -0.660000     1.940629
   -0.650000     1.966219
   -0.640000     1.991747
   -0.630000     2.017204
   -0.620000     2.042577
   -0.610000     2.067856
   -0.600000     2.093029
   -0.590000     2.118085
   -0.580000     2.143012
   -0.570000     2.167799
   -0.560000     2.192434
   -0.550000     2.216905
   -0.540000     2.241202
   -0.530000     2.265312
   -0.520000     2.289223
   -0.510000     2.312923
   -0.500000     2.336402
   -0.490000     2.359648
   -0.480000     2.382648
   -0.470000     2.405391
   -0.460000     2.427865
   -0.450000     2.450059
   -0.440000     2.471962
   -0.430000     2.493562
   -0.420000     2.514848
   -0.410000     2.535808
   -0.400000     2.556431
   -0.390000     2.576707
   -0.380000     2.596624
   -0.370000     2.616172
   -0.360000     2.635340
   -0.350000     2.654118
   -0.340000     2.672494
   -0.330000     2.690460
   -0.320000     2.708005
   -0.310000     2.725120
   -0.300000     2.741794
   -0.290000     2.758018
   -0.280000     2.773784
   -0.270000     2.789081
   -0.260000     2.803903
   -0.250000     2.818239
   -0.240000     2.832082
   -0.230000     2.845425
   -0.220000     2.858258
   -0.210000     2.870575
   -0.200000     2.882368
   -0.190000     2.893632
   -0.180000     2.904358
   -0.170000     2.914541
   -0.160000     2.924175
   -0.150000     2.933254
   -0.140000     2.941772
   -0.130000     2.949726
   -0.120000     2.957110
   -0.110000     2.963919
   -0.100000     2.970150
   -0.090000     2.975798
   -0.080000     2.980861
   -0.070000     2.985336
   -0.060000     2.989219
   -0.050000     2.992509
   -0.040000     2.995204
   -0.030000     2.997301
   -0.020000     2.998800
   -0.010000     2.999700
    0.000000     3.000000
    0.010000     2.999700
    0.020000     2.998800
    0.030000     2.997301
    0.040000     2.995204
    0.050000     2.992509
    0.060000     2.989219
    0.070000     2.985336
    0.080000     2.980861
    0.090000     2.975798
    0.100000     2.970150
    0.110000     2.963919
    0.120000     2.957110
    0.130000     2.949726
    0.140000     2.941772
    0.150000     2.933254
    0.160000     2.924175
    0.170000     2.914541
    0.180000     2.904358
    0.190000     2.893632
    0.200000     2.882368
    0.210000     2.870575
    0.220000     2.858258
    0.230000     2.845425
    0.240000     2.832082
    0.250000     2.818239
    0.260000     2.803903
    0.270000     2.789081
    0.280000     2.773784
    0.290000     2.758018
    0.300000     2.741794
    0.310000     2.725120
    0.320000     2.708005
    0.330000     2.690460
    0.340000     2.672494
    0.350000     2.654118
    0.360000     2.635340
    0.370000     2.616172
    0.380000     2.596624
    0.390000     2.576707
    0.400000     2.556431
    0.410000     2.535808
    0.420000     2.514848
    0.430000     2.493562
    0.440000     2.471962
    0.450000     2.450059
    0.460000     2.427865
    0.470000     2.405391
    0.480000     2.382648
    0.490000     2.359648
    0.500000     2.336402
    0.510000     2.312923
    0.520000     2.289223
    0.530000     2.265312
    0.540000     2.241202
    0.550000     2.216905
    0.560000     2.192434
    0.570000     2.167799
    0.580000     2.143012
    0.590000     2.118085
    0.600000     2.093029
    0.610000     2.067856
    0.620000     2.042577
    0.630000     2.017204
    0.640000     1.991747
    0.650000     1.966219
    0.660000     1.940629
    0.670000     1.914990
    0.680000     1.889311
    0.690000     1.863604
    0.700000     1.837879
    0.710000     1.812147
    0.720000     1.786418
    0.730000     1.760701
    0.740000     1.735008
    0.750000     1.709348
    0.760000     1.683731
    0.770000     1.658166
    0.780000     1.632663
    0.790000     1.607230
    0.800000     1.581877
    0.810000     1.556613
    0.820000     1.531446
    0.830000     1.506384
    0.840000     1.481437
    0.850000     1.456611
    0.860000     1.431914
    0.870000     1.407355
    0.880000     1.382941
    0.890000     1.358678
    0.900000     1.334574
    0.910000     1.310636
    0.920000     1.286869
    0.930000     1.263281
    0.940000     1.239877
    0.950000     1.216664
    0.960000     1.193646
    0.970000     1.170829
    0.980000     1.148219
    0.990000     1.125821
    1.000000     1.103638
    1.010000     1.081677
    1.020000     1.059940
    1.030000     1.038432
    1.040000     1.017158
    1.050000     0.996120
    1.060000     0.975322
    1.070000     0.954767
    1.080000     0.934459
    1.090000     0.914400
    1.100000     0.894592
    1.110000     0.875038
    1.120000     0.855741
    1.130000     0.836702
    1.140000     0.817922
    1.150000     0.799405
    1.160000     0.781150
    1.170000     0.763160
    1.180000     0.745435
    1.190000     0.727976
    1.200000     0.710783
    1.210000     0.693858
    1.220000     0.677201
    1.230000     0.660811
    1.240000     0.644689
    1.250000     0.628834
    1.260000     0.613247
    1.270000     0.597926
    1.280000     0.582872
    1.290000     0.568083
    1.300000     0.553559
    1.310000     0.539298
    1.320000     0.525299
    1.330000     0.511561
    1.340000     0.498083
    1.350000     0.484864
    1.360000     0.471900
    1.370000     0.459192
    1.380000     0.446736
    1.390000     0.434531
    1.400000     0.422575
    1.410000     0.410866
    1.420000     0.399402
    1.430000     0.388179
    1.440000     0.377197
    1.450000     0.366452
    1.460000     0.355942
    1.470000     0.345664
    1.480000     0.335616
    1.490000     0.325795
    1.500000     0.316198
    1.510000     0.306822
    1.520000     0.297665
    1.530000     0.288723
    1.540000     0.279994
    1.550000     0.271474
    1.560000     0.263161
    1.570000     0.255052
    1.580000     0.247143
    1.590000     0.239432
    1.600000     0.231914
    1.610000     0.224588
    1.620000     0.217450
    1.630000     0.210496
    1.640000     0.203724
    1.650000     0.197131
    1.660000     0.190713
    1.670000     0.184466
    1.680000     0.178389
    1.690000     0.172478
    1.700000     0.166729
    1.710000     0.161139
    1.720000     0.155706
    1.730000     0.150425
    1.740000     0.145295
    1.750000     0.140312
    1.760000     0.135472
    1.770000     0.130774
    1.780000     0.126213
    1.790000     0.121786
    1.800000     0.117492
    1.810000     0.113326
    1.820000     0.109286
    1.830000     0.105369
    1.840000     0.101572
    1.850000     0.097892
    1.860000     0.094327
    1.870000     0.090873
    1.880000     0.087529
    1.890000     0.084290
    1.900000     0.081156
    1.910000     0.078122
    1.920000     0.075186
    1.930000     0.072347
    1.940000     0.069600
    1.950000     0.066945
    1.960000     0.064378
    1.970000     0.061897
    1.980000     0.059499
    1.990000     0.057184
    2.000000     0.054947
    2.010000     0.052787
    2.020000     0.050702
    2.030000     0.048690
    2.040000     0.046748
    2.050000     0.044874
    2.060000     0.043067
    2.070000     0.041325
    2.080000     0.039645
    2.090000     0.038026
    2.100000     0.036466
    2.110000     0.034962
    2.120000     0.033514
    2.130000     0.032120
    2.140000     0.030777
    2.150000     0.029485
    2.160000     0.028241
    2.170000     0.027044
    2.180000     0.025893
    2.190000     0.024786
    2.200000     0.023721
    2.210000     0.022698
    2.220000     0.021714
    2.230000     0.020769
    2.240000     0.019861
    2.250000     0.018989
    2.260000     0.018152
    2.270000     0.017348
    2.280000     0.016576
    2.290000     0.015836
    2.300000     0.015125
    2.310000     0.014444
    2.320000     0.013790
    2.330000     0.013164
    2.340000     0.012563
    2.350000     0.011988
    2.360000     0.011436
    2.370000     0.010908
    2.380000     0.010402
    2.390000     0.009917
    2.400000     0.009453
    2.410000     0.009009
    2.420000     0.008585
    2.430000     0.008178
    2.440000     0.007789
    2.450000     0.007418
    2.460000     0.007062
    2.470000     0.006723
    2.480000     0.006398
    2.490000     0.006088
    2.500000     0.005791
    2.510000     0.005508
    2.520000     0.005238
    2.530000     0.004980
    2.540000     0.004734
    2.550000     0.004499
    2.560000     0.004275
    2.570000     0.004061
    2.580000     0.003857
    2.590000     0.003663
    2.600000     0.003478
    2.610000     0.003301
    2.620000     0.003133
    2.630000     0.002973
    2.640000     0.002820
    2.650000     0.002675
    2.660000     0.002536
    2.670000     0.002405
    2.680000     0.002280
    2.690000     0.002160
    2.700000     0.002047
    2.710000     0.001939
    2.720000     0.001837
    2.730000     0.001739
    2.740000     0.001647
    2.750000     0.001559
    2.760000     0.001475
    2.770000     0.001396
    2.780000     0.001320
    2.790000     0.001249
    2.800000     0.001181
    2.810000     0.001117
    2.820000     0.001055
    2.830000     0.000997
    2.840000     0.000942
    2.850000     0.000890
    2.860000     0.000841
    2.870000     0.000794
    2.880000     0.000750
    2.890000     0.000708
    2.900000     0.000668
    2.910000     0.000630
    2.920000     0.000595
    2.930000     0.000561
    2.940000     0.000529
    2.950000     0.000499
    2.960000     0.000470
    2.970000     0.000443
    2.980000     0.000417
    2.990000     0.000393
    3.000000     0.000370
    3.010000     0.000349
    3.020000     0.000328
    3.030000     0.000309
    3.040000     0.000291
    3.050000     0.000274
    3.060000     0.000257
    3.070000     0.000242
    3.080000     0.000228
    3.090000     0.000214
    3.100000     0.000201
    3.110000     0.000189
    3.120000     0.000178
    3.130000     0.000167
    3.140000     0.000157
    3.150000     0.000147
    3.160000     0.000138
    3.170000     0.000130
    3.180000     0.000122
    3.190000     0.000114
    3.200000     0.000107
    3.210000     0.000100
    3.220000     0.000094
    3.230000     0.000088
    3.240000     0.000083
    3.250000     0.000078
    3.260000     0.000073
    3.270000     0.000068
    3.280000     0.000064
    3.290000     0.000060
    3.300000     0.000056
    3.310000     0.000052
    3.320000     0.000049
    3.330000     0.000046
    3.340000     0.000043
    3.350000     0.000040
    3.360000     0.000038
    3.370000     0.000035
    3.380000     0.000033
    3.390000     0.000031
    3.400000     0.000029
    3.410000     0.000027
    3.420000     0.000025
    3.430000     0.000023
    3.440000     0.000022
    3.450000     0.000020
    3.460000     0.000019
    3.470000     0.000018
    3.480000     0.000017
    3.490000     0.000015
    3.500000     0.000014
    3.510000     0.000013
    3.520000     0.000012
    3.530000     0.000012
    3.540000     0.000011
    3.550000     0.000010
    3.560000     0.000009
    3.570000     0.000009
    3.580000     0.000008
    3.590000     0.000008
    3.600000     0.000007
    3.610000     0.000007
    3.620000     0.000006
    3.630000     0.000006
    3.640000     0.000005
    3.650000     0.000005
    3.660000     0.000005
    3.670000     0.000004
    3.680000     0.000004
    3.690000     0.000004
    3.700000     0.000003
    3.710000     0.000003
    3.720000     0.000003
    3.730000     0.000003
    3.740000     0.000003
    3.750000     0.000002
    3.760000     0.000002
    3.770000     0.000002
    3.780000     0.000002
    3.790000     0.000002
    3.800000     0.000002
    3.810000     0.000001
    3.820000     0.000001
    3.830000     0.000001
    3.840000     0.000001
    3.850000     0.000001
    3.860000     0.000001
    3.870000     0.000001
    3.880000     0.000001
    3.890000     0.000001
    3.900000     0.000001
    3.910000     0.000001
    3.920000     0.000001
    3.930000     0.000001
    3.940000     0.000001
    3.950000     0.000001
    3.960000     0.000000
    3.970000     0.000000
    3.980000     0.000000
    3.990000     0.000000
    4.000000     0.000000
    4.010000     0.000000
    4.020000     0.000000
    4.030000     0.000000
    4.040000     0.000000
    4.050000     0.000000
    4.060000     0.000000
    4.070000     0.000000
    4.080000     0.000000
    4.090000     0.000000
    4.100000     0.000000
    4.110000     0.000000
    4.120000     0.000000
    4.130000     0.000000
    4.140000     0.000000
    4.150000     0.000000
    4.160000     0.000000
    4.170000     0.000000
    4.180000     0.000000
    4.190000     0.000000
    4.200000     0.000000
    4.210000     0.000000
    4.220000     0.000000
    4.230000     0.000000
    4.240000     0.000000
    4.250000     0.000000
    4.260000     0.000000
    4.270000     0.000000
    4.280000     0.000000
    4.290000     0.000000
    4.300000     0.000000
    4.310000     0.000000
    4.320000     0.000000
    4.330000     0.000000
    4.340000     0.000000
    4.350000     0.000000
    4.360000     0.000000
    4.370000     0.000000
    4.380000     0.000000
    4.390000     0.000000
    4.400000     0.000000
    4.410000     0.000000
    4.420000     0.000000
    4.430000     0.000000
    4.440000     0.000000
    4.450000     0.000000
    4.460000     0.000000
    4.470000     0.000000
    4.480000     0.000000
    4.490000     0.000000
    4.500000     0.000000
    4.510000     0.000000
    4.520000     0.000000
    4.530000     0.000000
    4.540000     0.000000
    4.550000     0.000000
    4.560000     0.000000
    4.570000     0.000000
    4.580000     0.000000
    4.590000     0.000000
    4.600000     0.000000
    4.610000     0.000000
    4.620000     0.000000
    4.630000     0.000000
    4.640000     0.000000
    4.650000     0.000000
    4.660000     0.000000
    4.670000     0.000000
    4.680000     0.000000
    4.690000     0.000000
    4.700000     0.000000
    4.710000     0.000000
    4.720000     0.000000
    4.730000     0.000000
    4.740000     0.000000
    4.750000     0.000000
    4.760000     0.000000
    4.770000     0.000000
    4.780000     0.000000
    4.790000     0.000000
    4.800000     0.000000
    4.810000     0.000000
    4.820000     0.000000
    4.830000     0.000000
    4.840000     0.000000
    4.850000     0.000000
    4.860000     0.000000
    4.870000     0.000000
    4.880000     0.000000
    4.890000     0.000000
    4.900000     0.000000
    4.910000     0.000000
    4.920000     0.000000
    4.930000     0.000000
    4.940000     0.000000
    4.950000     0.000000
    4.960000     0.000000
    4.970000     0.000000
    4.980000     0.000000
    4.990000     0.000000
    5.000000     0.000000
    5.010000     0.000000
    5.020000     0.000000
    5.030000     0.000000
    5.040000     0.000000
    5.050000     0.000000
    5.060000     0.000000
    5.070000     0.000000
    5.080000     0.000000
    5.090000     0.000000
    5.100000     0.000000
    5.110000     0.000000
    5.120000     0.000000
    5.130000     0.000000
    5.140000     0.000000
    5.150000     0.000000
    5.160000     0.000000
    5.170000     0.000000
    5.180000     0.000000
    5.190000     0.000000
    5.200000     0.000000
    5.210000     0.000000
    5.220000     0.000000
    5.230000     0.000000
    5.240000     0.000000
    5.250000     0.000000
    5.260000     0.000000
    5.270000     0.000000
    5.280000     0.000000
    5.290000     0.000000
    5.300000     0.000000
    5.310000     0.000000
    5.320000     0.000000
    5.330000     0.000000
    5.340000     0.000000
    5.350000     0.000000
    5.360000     0.000000
    5.370000     0.000000
    5.380000     0.000000
    5.390000     0.000000
    5.400000     0.000000
    5.410000     0.000000
    5.420000     0.000000
    5.430000     0.000000
    5.440000     0.000000
    5.450000     0.000000
    5.460000     0.000000
    5.470000     0.000000
    5.480000     0.000000
    5.490000     0.000000
    5.500000     0.000000
    5.510000     0.000000
    5.520000     0.000000
    5.530000     0.000000
    5.540000     0.000000
    5.550000     0.000000
    5.560000     0.000000
    5.570000     0.000000
    5.580000     0.000000
    5.590000     0.000000
    5.600000     0.000000
    5.610000     0.000000
    5.620000     0.000000
    5.630000     0.000000
    5.640000     0.000000
    5.650000     0.000000
    5.660000     0.000000
    5.670000     0.000000
    5.680000     0.000000
    5.690000     0.000000
    5.700000     0.000000
    5.710000     0.000000
    5.720000     0.000000
    5.730000     0.000000
    5.740000     0.000000
    5.750000     0.000000
    5.760000     0.000000
    5.770000     0.000000
    5.780000     0.000000
    5.790000     0.000000
    5.800000     0.000000
    5.810000     0.000000
    5.820000     0.000000
    5.830000     0.000000
    5.840000     0.000000
    5.850000     0.000000
    5.860000     0.000000
    5.870000     0.000000
    5.880000     0.000000
    5.890000     0.000000
    5.900000     0.000000
    5.910000     0.000000
    5.920000     0.000000
    5.930000     0.000000
    5.940000     0.000000
    5.950000     0.000000
    5.960000     0.000000
    5.970000     0.000000
    5.980000     0.000000
    5.990000     0.000000
    6.000000     0.000000
    6.010000     0.000000
    6.020000     0.000000
    6.030000     0.000000
    6.040000     0.000000
    6.050000     0.000000
    6.060000     0.000000
    6.070000     0.000000
    6.080000     0.000000
    6.090000     0.000000
    6.100000     0.000000
    6.110000     0.000000
    6.120000     0.000000
    6.130000     0.000000
    6.140000     0.000000
    6.150000     0.000000
    6.160000     0.000000
    6.170000     0.000000
    6.180000     0.000000
    6.190000     0.000000
    6.200000     0.000000
    6.210000     0.000000
    6.220000     0.000000
    6.230000     0.000000
    6.240000     0.000000
    6.250000     0.000000
    6.260000     0.000000
    6.270000     0.000000
    6.280000     0.000000
    6.290000     0.000000
    6.300000     0.000000
    6.310000     0.000000
    6.320000     0.000000
    6.330000     0.000000
    6.340000     0.000000
    6.350000     0.000000
    6.360000     0.000000
    6.370000     0.000000
    6.380000     0.000000
    6.390000     0.000000
    6.400000     0.000000
    6.410000     0.000000
    6.420000     0.000000
    6.430000     0.000000
    6.440000     0.000000
    6.450000     0.000000
    6.460000     0.000000
    6.470000     0.000000
    6.480000     0.000000
    6.490000     0.000000
    6.500000     0.000000
    6.510000     0.000000
    6.520000     0.000000
    6.530000     0.000000
    6.540000     0.000000
    6.550000     0.000000
    6.560000     0.000000
    6.570000     0.000000
    6.580000     0.000000
    6.590000     0.000000
    6.600000     0.000000
    6.610000     0.000000
    6.620000     0.000000
    6.630000     0.000000
    6.640000     0.000000
    6.650000     0.000000
    6.660000     0.000000
    6.670000     0.000000
    6.680000     0.000000
    6.690000     0.000000
    6.700000     0.000000
    6.710000     0.000000
    6.720000     0.000000
    6.730000     0.000000
    6.740000     0.000000
    6.750000     0.000000
    6.760000     0.000000
    6.770000     0.000000
    6.780000     0.000000
    6.790000     0.000000
    6.800000     0.000000
    6.810000     0.000000
    6.820000     0.000000
    6.830000     0.000000
    6.840000     0.000000
    6.850000     0.000000
    6.860000     0.000000
    6.870000     0.000000
    6.880000     0.000000
    6.890000     0.000000
    6.900000     0.000000
    6.910000     0.000000
    6.920000     0.000000
    6.930000     0.000000
    6.940000     0.000000
    6.950000     0.000000
    6.960000     0.000000
    6.970000     0.000000
    6.980000     0.000000
    6.990000     0.000000
    7.000000     0.000000
    7.010000     0.000000
    7.020000     0.000000
    7.030000     0.000000
    7.040000     0.000000
    7.050000     0.000000
    7.060000     0.000000
    7.070000     0.000000
    7.080000     0.000000
    7.090000     0.000000
    7.100000     0.000000
    7.110000     0.000000
    7.120000     0.000000
    7.130000     0.000000
    7.140000     0.000000
    7.150000     0.000000
    7.160000     0.000000
    7.170000     0.000000
    7.180000     0.000000
    7.190000     0.000000
    7.200000     0.000000
    7.210000     0.000000
    7.220000     0.000000
    7.230000     0.000000
    7.240000     0.000000
    7.250000     0.000000
    7.260000     0.000000
    7.270000     0.000000
    7.280000     0.000000
    7.290000     0.000000
    7.300000     0.000000
    7.310000     0.000000
    7.320000     0.000000
    7.330000     0.000000
    7.340000     0.000000
    7.350000     0.000000
    7.360000     0.000000
    7.370000     0.000000
    7.380000     0.000000
    7.390000     0.000000
    7.400000     0.000000
    7.410000     0.000000
    7.420000     0.000000
    7.430000     0.000000
    7.440000     0.000000
    7.450000     0.000000
    7.460000     0.000000
    7.470000     0.000000
    7.480000     0.000000
    7.490000     0.000000
    7.500000     0.000000
    7.510000     0.000000
    7.520000     0.000000
    7.530000     0.000000
    7.540000     0.000000
    7.550000     0.000000
    7.560000     0.000000
    7.570000     0.000000
    7.580000     0.000000
    7.590000     0.000000
    7.600000     0.000000
    7.610000     0.000000
    7.620000     0.000000
    7.630000     0.000000
    7.640000     0.000000
    7.650000     0.000000
    7.660000     0.000000
    7.670000     0.000000
    7.680000     0.000000
    7.690000     0.000000
    7.700000     0.000000
    7.710000     0.000000
    7.720000     0.000000
    7.730000     0.000000
    7.740000     0.000000
    7.750000     0.000000
    7.760000     0.000000
    7.770000     0.000000
    7.780000     0.000000
    7.790000     0.000000
    7.800000     0.000000
    7.810000     0.000000
    7.820000     0.000000
    7.830000     0.000000
    7.840000     0.000000
    7.850000     0.000000
    7.860000     0.000000
    7.870000     0.000000
    7.880000     0.000000
    7.890000     0.000000
    7.900000     0.000000
    7.910000     0.000000
    7.920000     0.000000
    7.930000     0.000000
    7.940000     0.000000
    7.950000     0.000000
    7.960000     0.000000
    7.970000     0.000000
    7.980000     0.000000
    7.990000     0.000000
    8.000000     0.000000
