   -8.000000     0.015625
   -7.990000     0.015664
   -7.980000     0.015703
   -7.970000     0.015743
   -7.960000     0.015782
   -7.950000     0.015822
   -7.940000     0.015862
   -7.930000     0.015902
   -7.920000     0.015942
   -7.910000     0.015983
   -7.900000     0.016023
   -7.890000     0.016064
   -7.880000     0.016105
   -7.870000     0.016145
   -7.860000     0.016187
   -7.850000     0.016228
   -7.840000     0.016269
   -7.830000     0.016311
   -7.820000     0.016353
   -7.810000     0.016394
   -7.800000     0.016437
   -7.790000     0.016479
   -7.780000     0.016521
   -7.770000     0.016564
   -7.760000     0.016606
   -7.750000     0.016649
   -7.740000     0.016692
   -7.730000     0.016736
   -7.720000     0.016779
   -7.710000     0.016823
   -7.700000     0.016866
   -7.690000     0.016910
   -7.680000     0.016954
   -7.670000     0.016998
   -7.660000     0.017043
   -7.650000     0.017087
   -7.640000     0.017132
   -7.630000     0.017177
   -7.620000     0.017222
   -7.610000     0.017268
   -7.600000     0.017313
   -7.590000     0.017359
   -7.580000     0.017405
   -7.570000     0.017451
   -7.560000     0.017497
   -7.550000     0.017543
   -7.540000     0.017590
   -7.530000     0.017636
   -7.520000     0.017683
   -7.510000     0.017730
   -7.500000     0.017778
   -7.490000     0.017825
   -7.480000     0.017873
   -7.470000     0.017921
   -7.460000     0.017969
   -7.450000     0.018017
   -7.440000     0.018066
   -7.430000     0.018114
   -7.420000     0.018163
   -7.410000     0.018212
   -7.400000     0.018262
   -7.390000     0.018311
   -7.380000     0.018361
   -7.370000     0.018410
   -7.360000     0.018461
   -7.350000     0.018511
   -7.340000     0.018561
   -7.330000     0.018612
   -7.320000     0.018663
   -7.310000     0.018714
   -7.300000     0.018765
   -7.290000     0.018817
   -7.280000     0.018868
   -7.270000     0.018920
   -7.260000     0.018973
   -7.250000     0.019025
   -7.240000     0.019078
   -7.230000     0.019130
   -7.220000     0.019183
   -7.210000     0.019237
   -7.200000     0.019290
   -7.190000     0.019344
   -7.180000     0.019398
   -7.170000     0.019452
   -7.160000     0.019506
   -7.150000     0.019561
   -7.140000     0.019616
   -7.130000     0.019671
   -7.120000     0.019726
   -7.110000     0.019782
   -7.100000     0.019837
   -7.090000     0.019893
   -7.080000     0.019950
   -7.070000     0.020006
   -7.060000     0.020063
   -7.050000     0.020120
   -7.040000     0.020177
   -7.030000     0.020234
   -7.020000     0.020292
   -7.010000     0.020350
   -7.000000     0.020408
   -6.990000     0.020467
   -6.980000     0.020525
   -6.970000     0.020584
   -6.960000     0.020643
   -6.950000     0.020703
   -6.940000     0.020763
   -6.930000     0.020823
   -6.920000     0.020883
   -6.910000     0.020943
   -6.900000     0.021004
   -6.890000     0.021065
   -6.880000     0.021126
   -6.870000     0.021188
   -6.860000     0.021250
   -6.850000     0.021312
   -6.840000     0.021374
   -6.830000     0.021437
   -6.820000     0.021500
   -6.810000     0.021563
   -6.800000     0.021626
   -6.790000     0.021690
   -6.780000     0.021754
   -6.770000     0.021818
   -6.760000     0.021883
   -6.750000     0.021948
   -6.740000     0.022013
   -6.730000     0.022079
   -6.720000     0.022144
   -6.710000     0.022210
   -6.700000     0.022277
   -6.690000     0.022343
   -6.680000     0.022410
   -6.670000     0.022478
   -6.660000     0.022545
   -6.650000     0.022613
   -6.640000     0.022681
   -6.630000     0.022750
   -6.620000     0.022818
   -6.610000     0.022887
   -6.600000     0.022957
   -6.590000     0.023027
   -6.580000     0.023097
   -6.570000     0.023167
   -6.560000     0.023238
   -6.550000     0.023309
   -6.540000     0.023380
   -6.530000     0.023452
   -6.520000     0.023524
   -6.510000     0.023596
   -6.500000     0.023669
   -6.490000     0.023742
   -6.480000     0.023815
   -6.470000     0.023889
   -6.460000     0.023963
   -6.450000     0.024037
   -6.440000     0.024112
   -6.430000     0.024187
   -6.420000     0.024262
   -6.410000     0.024338
   -6.400000     0.024414
   -6.390000     0.024491
   -6.380000     0.024567
   -6.370000     0.024645
   -6.360000     0.024722
   -6.350000     0.024800
   -6.340000     0.024878
   -6.330000     0.024957
   -6.320000     0.025036
   -6.310000     0.025115
   -6.300000     0.025195
   -6.290000     0.025275
   -6.280000     0.025356
   -6.270000     0.025437
   -6.260000     0.025518
   -6.250000     0.025600
   -6.240000     0.025682
   -6.230000     0.025765
   -6.220000     0.025848
   -6.210000     0.025931
   -6.200000     0.026015
   -6.190000     0.026099
   -6.180000     0.026183
   -6.170000     0.026268
   -6.160000     0.026354
   -6.150000     0.026439
   -6.140000     0.026525
   -6.130000     0.026612
   -6.120000     0.026699
   -6.110000     0.026787
   -6.100000     0.026874
   -6.090000     0.026963
   -6.080000     0.027052
   -6.070000     0.027141
   -6.060000     0.027230
   -6.050000     0.027321
   -6.040000     0.027411
   -6.030000     0.027502
   -6.020000     0.027594
   -6.010000     0.027685
   -6.000000     0.027778
   -5.990000     0.027871
   -5.980000     0.027964
   -5.970000     0.028058
   -5.960000     0.028152
   -5.950000     0.028247
   -5.940000     0.028342
   -5.930000     0.028437
   -5.920000     0.028534
   -5.910000     0.028630
   -5.900000     0.028727
   -5.890000     0.028825
   -5.880000     0.028923
   -5.870000     0.029022
   -5.860000     0.029121
   -5.850000     0.029221
   -5.840000     0.029321
   -5.830000     0.029421
   -5.820000     0.029523
   -5.810000     0.029624
   -5.800000     0.029727
   -5.790000     0.029829
   -5.780000     0.029933
   -5.770000     0.030036
   -5.760000     0.030141
   -5.750000     0.030246
   -5.740000     0.030351
   -5.730000     0.030457
   -5.720000     0.030564
   -5.710000     0.030671
   -5.700000     0.030779
   -5.690000     0.030887
   -5.680000     0.030996
   -5.670000     0.031105
   -5.660000     0.031215
   -5.650000     0.031326
   -5.640000     0.031437
   -5.630000     0.031549
   -5.620000     0.031661
   -5.610000     0.031774
   -5.600000     0.031888
   -5.590000     0.032002
   -5.580000     0.032117
   -5.570000     0.032232
   -5.560000     0.032348
   -5.550000     0.032465
   -5.540000     0.032582
   -5.530000     0.032700
   -5.520000     0.032819
   -5.510000     0.032938
   -5.500000     0.033058
   -5.490000     0.033178
   -5.480000     0.033300
   -5.470000     0.033421
   -5.460000     0.033544
   -5.450000     0.033667
   -5.440000     0.033791
   -5.430000     0.033916
   -5.420000     0.034041
   -5.410000     0.034167
   -5.400000     0.034294
   -5.390000     0.034421
   -5.380000     0.034549
   -5.370000     0.034678
   -5.360000     0.034807
   -5.350000     0.034938
   -5.340000     0.035069
   -5.330000     0.035200
   -5.320000     0.035333
   -5.310000     0.035466
   -5.300000     0.035600
   -5.290000     0.035735
   -5.280000     0.035870
   -5.270000     0.036006
   -5.260000     0.036143
   -5.250000     0.036281
   -5.240000     0.036420
   -5.230000     0.036559
   -5.220000     0.036699
   -5.210000     0.036840
   -5.200000     0.036982
   -5.190000     0.037125
   -5.180000     0.037268
   -5.170000     0.037413
   -5.160000     0.037558
   -5.150000     0.037704
   -5.140000     0.037851
   -5.130000     0.037998
   -5.120000     0.038147
   -5.110000     0.038296
   -5.100000     0.038447
   -5.090000     0.038598
   -5.080000     0.038750
   -5.070000     0.038903
   -5.060000     0.039057
   -5.050000     0.039212
   -5.040000     0.039368
   -5.030000     0.039524
   -5.020000     0.039682
   -5.010000     0.039840
   -5.000000     0.040000
   -4.990000     0.040160
   -4.980000     0.040322
   -4.970000     0.040484
   -4.960000     0.040648
   -4.950000     0.040812
   -4.940000     0.040978
   -4.930000     0.041144
   -4.920000     0.041311
   -4.910000     0.041480
   -4.900000     0.041649
   -4.890000     0.041820
   -4.880000     0.041991
   -4.870000     0.042164
   -4.860000     0.042338
   -4.850000     0.042512
   -4.840000     0.042688
   -4.830000     0.042865
   -4.820000     0.043043
   -4.810000     0.043222
   -4.800000     0.043403
   -4.790000     0.043584
   -4.780000     0.043767
   -4.770000     0.043950
   -4.760000     0.044135
   -4.750000     0.044321
   -4.740000     0.044509
   -4.730000     0.044697
   -4.720000     0.044887
   -4.710000     0.045077
   -4.700000     0.045269
   -4.690000     0.045463
   -4.680000     0.045657
   -4.670000     0.045853
   -4.660000     0.046050
   -4.650000     0.046248
   -4.640000     0.046448
   -4.630000     0.046649
   -4.620000     0.046851
   -4.610000     0.047054
   -4.600000     0.047259
   -4.590000     0.047465
   -4.580000     0.047673
   -4.570000     0.047881
   -4.560000     0.048092
   -4.550000     0.048303
   -4.540000     0.048516
   -4.530000     0.048731
   -4.520000     0.048947
   -4.510000     0.049164
   -4.500000     0.049383
   -4.490000     0.049603
   -4.480000     0.049825
   -4.470000     0.050048
   -4.460000     0.050272
   -4.450000     0.050499
   -4.440000     0.050726
   -4.430000     0.050956
   -4.420000     0.051187
   -4.410000     0.051419
   -4.400000     0.051653
   -4.390000     0.051888
   -4.380000     0.052126
   -4.370000     0.052365
   -4.360000     0.052605
   -4.350000     0.052847
   -4.340000     0.053091
   -4.330000     0.053336
   -4.320000     0.053584
   -4.310000     0.053833
   -4.300000     0.054083
   -4.290000     0.054336
   -4.280000     0.054590
   -4.270000     0.054846
   -4.260000     0.055104
   -4.250000     0.055363
   -4.240000     0.055625
   -4.230000     0.055888
   -4.220000     0.056153
   -4.210000     0.056420
   -4.200000     0.056689
   -4.190000     0.056960
   -4.180000     0.057233
   -4.170000     0.057508
   -4.160000     0.057785
   -4.150000     0.058064
   -4.140000     0.058344
   -4.130000     0.058627
   -4.120000     0.058912
   -4.110000     0.059199
   -4.100000     0.059488
   -4.090000     0.059780
   -4.080000     0.060073
   -4.070000     0.060369
   -4.060000     0.060666
   -4.050000     0.060966
   -4.040000     0.061269
   -4.030000     0.061573
   -4.020000     0.061880
   -4.010000     0.062189
   -4.000000     0.062500
   -3.990000     0.062814
   -3.980000     0.063130
   -3.970000     0.063448
   -3.960000     0.063769
   -3.950000     0.064092
   -3.940000     0.064418
   -3.930000     0.064746
   -3.920000     0.065077
   -3.910000     0.065410
   -3.900000     0.065746
   -3.890000     0.066085
   -3.880000     0.066426
   -3.870000     0.066769
   -3.860000     0.067116
   -3.850000     0.067465
   -3.840000     0.067817
   -3.830000     0.068171
   -3.820000     0.068529
   -3.810000     0.068889
   -3.800000     0.069252
   -3.790000     0.069618
   -3.780000     0.069987
   -3.770000     0.070359
   -3.760000     0.070733
   -3.750000     0.071111
   -3.740000     0.071492
   -3.730000     0.071876
   -3.720000     0.072263
   -3.710000     0.072653
   -3.700000     0.073046
   -3.690000     0.073442
   -3.680000     0.073842
   -3.670000     0.074245
   -3.660000     0.074651
   -3.650000     0.075061
   -3.640000     0.075474
   -3.630000     0.075890
   -3.620000     0.076310
   -3.610000     0.076734
   -3.600000     0.077160
   -3.590000     0.077591
   -3.580000     0.078025
   -3.570000     0.078463
   -3.560000     0.078904
   -3.550000     0.079349
   -3.540000     0.079798
   -3.530000     0.080251
   -3.520000     0.080708
   -3.510000     0.081168
   -3.500000     0.081633
   -3.490000     0.082101
   -3.480000     0.082574
   -3.470000     0.083050
   -3.460000     0.083531
   -3.450000     0.084016
   -3.440000     0.084505
   -3.430000     0.084999
   -3.420000     0.085496
   -3.410000     0.085999
   -3.400000     0.086505
   -3.390000     0.087016
   -3.380000     0.087532
   -3.370000     0.088052
   -3.360000     0.088577
   -3.350000     0.089107
   -3.340000     0.089641
   -3.330000     0.090180
   -3.320000     0.090724
   -3.310000     0.091273
   -3.300000     0.091827
   -3.290000     0.092386
   -3.280000     0.092951
   -3.270000     0.093520
   -3.260000     0.094095
   -3.250000     0.094675
   -3.240000     0.095260
   -3.230000     0.095851
   -3.220000     0.096447
   -3.210000     0.097049
   -3.200000     0.097656
   -3.190000     0.098269
   -3.180000     0.098888
   -3.170000     0.099513
   -3.160000     0.100144
   -3.150000     0.100781
   -3.140000     0.101424
   -3.130000     0.102073
   -3.120000     0.102728
   -3.110000     0.103390
   -3.100000     0.104058
   -3.090000     0.104733
   -3.080000     0.105414
   -3.070000     0.106102
   -3.060000     0.106797
   -3.050000     0.107498
   -3.040000     0.108206
   -3.030000     0.108922
   -3.020000     0.109644
   -3.010000     0.110374
   -3.000000     0.111111
   -2.990000     0.111856
   -2.980000     0.112608
   -2.970000     0.113367
   -2.960000     0.114134
   -2.950000     0.114910
   -2.940000     0.115693
   -2.930000     0.116484
   -2.920000     0.117283
   -2.910000     0.118090
   -2.900000     0.118906
   -2.890000     0.119730
   -2.880000     0.120563
   -2.870000     0.121405
   -2.860000     0.122255
   -2.850000     0.123115
   -2.840000     0.123983
   -2.830000     0.124861
   -2.820000     0.125748
   -2.810000     0.126645
   -2.800000     0.127551
   -2.790000     0.128467
   -2.780000     0.129393
   -2.770000     0.130329
   -2.760000     0.131275
   -2.750000     0.132231
   -2.740000     0.133198
   -2.730000     0.134176
   -2.720000     0.135164
   -2.710000     0.136164
   -2.700000     0.137174
   -2.690000     0.138196
   -2.680000     0.139229
   -2.670000     0.140274
   -2.660000     0.141331
   -2.650000     0.142399
   -2.640000     0.143480
   -2.630000     0.144573
   -2.620000     0.145679
   -2.610000     0.146798
   -2.600000     0.147929
   -2.590000     0.149074
   -2.580000     0.150231
   -2.570000     0.151403
   -2.560000     0.152588
   -2.550000     0.153787
   -2.540000     0.155000
   -2.530000     0.156228
   -2.520000     0.157470
   -2.510000     0.158728
   -2.500000     0.160000
   -2.490000     0.161288
   -2.480000     0.162591
   -2.470000     0.163910
   -2.460000     0.165246
   -2.450000     0.166597
   -2.440000     0.167966
   -2.430000     0.169351
   -2.420000     0.170753
   -2.410000     0.172173
   -2.400000     0.173611
   -2.390000     0.175067
   -2.380000     0.176541
   -2.370000     0.178034
   -2.360000     0.179546
   -2.350000     0.181077
   -2.340000     0.182628
   -2.330000     0.184199
   -2.320000     0.185791
   -2.310000     0.187403
   -2.300000     0.189036
   -2.290000     0.190690
   -2.280000     0.192367
   -2.270000     0.194065
   -2.260000     0.195787
   -2.250000     0.197531
   -2.240000     0.199298
   -2.230000     0.201090
   -2.220000     0.202906
   -2.210000     0.204746
   -2.200000     0.206612
   -2.190000     0.208503
   -2.180000     0.210420
   -2.170000     0.212364
   -2.160000     0.214335
   -2.150000     0.216333
   -2.140000     0.218360
   -2.130000     0.220415
   -2.120000     0.222499
   -2.110000     0.224613
   -2.100000     0.226757
   -2.090000     0.228932
   -2.080000     0.231139
   -2.070000     0.233378
   -2.060000     0.235649
   -2.050000     0.237954
   -2.040000     0.240292
   -2.030000     0.242665
   -2.020000     0.245074
   -2.010000     0.247519
   -2.000000     0.250000
   -1.990000     0.252519
   -1.980000     0.255076
   -1.970000     0.257672
   -1.960000     0.260308
   -1.950000     0.262985
   -1.940000     0.265703
   -1.930000     0.268464
   -1.920000     0.271267
   -1.910000     0.274115
   -1.900000     0.277008
   -1.890000     0.279947
   -1.880000     0.282933
   -1.870000     0.285968
   -1.860000     0.289051
   -1.850000     0.292184
   -1.840000     0.295369
   -1.830000     0.298606
   -1.820000     0.301896
   -1.810000     0.305241
   -1.800000     0.308642
   -1.790000     0.312100
   -1.780000     0.315617
   -1.770000     0.319193
   -1.760000     0.322831
   -1.750000     0.326531
   -1.740000     0.330295
   -1.730000     0.334124
   -1.720000     0.338021
   -1.710000     0.341986
   -1.700000     0.346021
   -1.690000     0.350128
   -1.680000     0.354308
   -1.670000     0.358564
   -1.660000     0.362897
   -1.650000     0.367309
   -1.640000     0.371802
   -1.630000     0.376378
   -1.620000     0.381039
   -1.610000     0.385788
   -1.600000     0.390625
   -1.590000     0.395554
   -1.580000     0.400577
   -1.570000     0.405696
   -1.560000     0.410914
   -1.550000     0.416233
   -1.540000     0.421656
   -1.530000     0.427186
   -1.520000     0.432825
   -1.510000     0.438577
   -1.500000     0.444444
   -1.490000     0.450430
   -1.480000     0.456538
   -1.470000     0.462770
   -1.460000     0.469131
   -1.450000     0.475624
   -1.440000     0.482253
   -1.430000     0.489021
   -1.420000     0.495933
   -1.410000     0.502993
   -1.400000     0.510204
   -1.390000     0.517572
   -1.380000     0.525100
   -1.370000     0.532793
   -1.360000     0.540657
   -1.350000     0.548697
   -1.340000     0.556917
   -1.330000     0.565323
   -1.320000     0.573921
   -1.310000     0.582717
   -1.300000     0.591716
   -1.290000     0.600925
   -1.280000     0.610352
   -1.270000     0.620001
   -1.260000     0.629882
   -1.250000     0.640000
   -1.240000     0.650364
   -1.230000     0.660982
   -1.220000     0.671862
   -1.210000     0.683013
   -1.200000     0.694444
   -1.190000     0.706165
   -1.180000     0.718184
   -1.170000     0.730514
   -1.160000     0.743163
   -1.150000     0.756144
   -1.140000     0.769468
   -1.130000     0.783147
   -1.120000     0.797194
   -1.110000     0.811622
   -1.100000     0.826446
   -1.090000     0.841680
   -1.080000     0.857339
   -1.070000     0.873439
   -1.060000     0.889996
   -1.050000     0.907029
   -1.040000     0.924556
   -1.030000     0.942596
   -1.020000     0.961169
   -1.010000     0.980296
   -1.000000     1.000000
   -0.990000     1.020304
   -0.980000     1.041233
   -0.970000     1.062812
   -0.960000     1.085069
   -0.950000     1.108033
   -0.940000     1.131734
   -0.930000     1.156203
   -0.920000     1.181474
   -0.910000     1.207584
   -0.900000     1.234568
   -0.890000     1.262467
   -0.880000     1.291322
   -0.870000     1.321178
   -0.860000     1.352082
   -0.850000     1.384083
   -0.840000     1.417234
   -0.830000     1.451589
   -0.820000     1.487210
   -0.810000     1.524158
   -0.800000     1.562500
   -0.790000     1.602307
   -0.780000     1.643655
   -0.770000     1.686625
   -0.760000     1.731302
   -0.750000     1.777778
   -0.740000     1.826150
   -0.730000     1.876525
   -0.720000     1.929012
   -0.710000     1.983733
   -0.700000     2.040816
   -0.690000     2.100399
   -0.680000     2.162630
   -0.670000     2.227668
   -0.660000     2.295684
   -0.650000     2.366864
   -0.640000     2.441406
   -0.630000     2.519526
   -0.620000     2.601457
   -0.610000     2.687450
   -0.600000     2.777778
   -0.590000     2.872738
   -0.580000     2.972652
   -0.570000     3.077870
   -0.560000     3.188776
   -0.550000     3.305785
   -0.540000     3.429355
   -0.530000     3.559986
   -0.520000     3.698225
   -0.510000     3.844675
   -0.500000     4.000000
   -0.490000     4.164931
   -0.480000     4.340278
   -0.470000     4.526935
   -0.460000     4.725898
   -0.450000     4.938272
   -0.440000     5.165289
   -0.430000     5.408329
   -0.420000     5.668934
   -0.410000     5.948840
   -0.400000     6.250000
   -0.390000     6.574622
   -0.380000     6.925208
   -0.370000     7.304602
   -0.360000     7.716049
   -0.350000     8.163265
   -0.340000     8.650519
   -0.330000     9.182736
   -0.320000     9.765625
