   -8.000000     0.016667
   -7.990000     0.016711
   -7.980000     0.016756
   -7.970000     0.016801
   -7.960000     0.016846
   -7.950000     0.016891
   -7.940000     0.016937
   -7.930000     0.016982
   -7.920000     0.017028
   -7.910000     0.017074
   -7.900000     0.017120
   -7.890000     0.017167
   -7.880000     0.017213
   -7.870000     0.017260
   -7.860000     0.017307
   -7.850000     0.017354
   -7.840000     0.017402
   -7.830000     0.017449
   -7.820000     0.017497
   -7.810000     0.017545
   -7.800000     0.017593
   -7.790000     0.017642
   -7.780000     0.017690
   -7.770000     0.017739
   -7.760000     0.017788
   -7.750000     0.017837
   -7.740000     0.017887
   -7.730000     0.017936
   -7.720000     0.017986
   -7.710000     0.018036
   -7.700000     0.018086
   -7.690000     0.018137
   -7.680000     0.018188
   -7.670000     0.018239
   -7.660000     0.018290
   -7.650000     0.018341
   -7.640000     0.018393
   -7.630000     0.018444
   -7.620000     0.018496
   -7.610000     0.018549
   -7.600000     0.018601
   -7.590000     0.018654
   -7.580000     0.018707
   -7.570000     0.018760
   -7.560000     0.018813
   -7.550000     0.018867
   -7.540000     0.018921
   -7.530000     0.018975
   -7.520000     0.019029
   -7.510000     0.019084
   -7.500000     0.019139
   -7.490000     0.019194
   -7.480000     0.019249
   -7.470000     0.019305
   -7.460000     0.019360
   -7.450000     0.019417
   -7.440000     0.019473
   -7.430000     0.019529
   -7.420000     0.019586
   -7.410000     0.019643
   -7.400000     0.019701
   -7.390000     0.019758
   -7.380000     0.019816
   -7.370000     0.019874
   -7.360000     0.019932
   -7.350000     0.019991
   -7.340000     0.020050
   -7.330000     0.020109
   -7.320000     0.020168
   -7.310000     0.020228
   -7.300000     0.020288
   -7.290000     0.020348
   -7.280000     0.020409
   -7.270000     0.020470
   -7.260000     0.020531
   -7.250000     0.020592
   -7.240000     0.020654
   -7.230000     0.020716
   -7.220000     0.020778
   -7.210000     0.020840
   -7.200000     0.020903
   -7.190000     0.020966
   -7.180000     0.021029
   -7.170000     0.021093
   -7.160000     0.021157
   -7.150000     0.021221
   -7.140000     0.021286
   -7.130000     0.021351
   -7.120000     0.021416
   -7.110000     0.021481
   -7.100000     0.021547
   -7.090000     0.021613
   -7.080000     0.021680
   -7.070000     0.021746
   -7.060000     0.021813
   -7.050000     0.021881
   -7.040000     0.021948
   -7.030000     0.022016
   -7.020000     0.022085
   -7.010000     0.022153
   -7.000000     0.022222
   -6.990000     0.022292
   -6.980000     0.022361
   -6.970000     0.022431
   -6.960000     0.022501
   -6.950000     0.022572
   -6.940000     0.022643
   -6.930000     0.022714
   -6.920000     0.022786
   -6.910000     0.022858
   -6.900000     0.022931
   -6.890000     0.023003
   -6.880000     0.023076
   -6.870000     0.023150
   -6.860000     0.023224
   -6.850000     0.023298
   -6.840000     0.023372
   -6.830000     0.023447
   -6.820000     0.023523
   -6.810000     0.023598
   -6.800000     0.023674
   -6.790000     0.023751
   -6.780000     0.023827
   -6.770000     0.023905
   -6.760000     0.023982
   -6.750000     0.024060
   -6.740000     0.024138
   -6.730000     0.024217
   -6.720000     0.024296
   -6.710000     0.024376
   -6.700000     0.024456
   -6.690000     0.024536
   -6.680000     0.024617
   -6.670000     0.024698
   -6.660000     0.024780
   -6.650000     0.024862
   -6.640000     0.024944
   -6.630000     0.025027
   -6.620000     0.025110
   -6.610000     0.025194
   -6.600000     0.025278
   -6.590000     0.025363
   -6.580000     0.025448
   -6.570000     0.025533
   -6.560000     0.025619
   -6.550000     0.025705
   -6.540000     0.025792
   -6.530000     0.025879
   -6.520000     0.025967
   -6.510000     0.026055
   -6.500000     0.026144
   -6.490000     0.026233
   -6.480000     0.026322
   -6.470000     0.026412
   -6.460000     0.026503
   -6.450000     0.026594
   -6.440000     0.026685
   -6.430000     0.026777
   -6.420000     0.026870
   -6.410000     0.026963
   -6.400000     0.027056
   -6.390000     0.027150
   -6.380000     0.027245
   -6.370000     0.027340
   -6.360000     0.027435
   -6.350000     0.027531
   -6.340000     0.027628
   -6.330000     0.027725
   -6.320000     0.027822
   -6.310000     0.027920
   -6.300000     0.028019
   -6.290000     0.028118
   -6.280000     0.028218
   -6.270000     0.028318
   -6.260000     0.028419
   -6.250000     0.028520
   -6.240000     0.028622
   -6.230000     0.028725
   -6.220000     0.028828
   -6.210000     0.028932
   -6.200000     0.029036
   -6.190000     0.029141
   -6.180000     0.029246
   -6.170000     0.029352
   -6.160000     0.029459
   -6.150000     0.029566
   -6.140000     0.029674
   -6.130000     0.029782
   -6.120000     0.029891
   -6.110000     0.030001
   -6.100000     0.030111
   -6.090000     0.030222
   -6.080000     0.030334
   -6.070000     0.030446
   -6.060000     0.030559
   -6.050000     0.030672
   -6.040000     0.030787
   -6.030000     0.030901
   -6.020000     0.031017
   -6.010000     0.031133
   -6.000000     0.031250
   -5.990000     0.031368
   -5.980000     0.031486
   -5.970000     0.031605
   -5.960000     0.031724
   -5.950000     0.031845
   -5.940000     0.031966
   -5.930000     0.032087
   -5.920000     0.032210
   -5.910000     0.032333
   -5.900000     0.032457
   -5.890000     0.032582
   -5.880000     0.032707
   -5.870000     0.032833
   -5.860000     0.032960
   -5.850000     0.033088
   -5.840000     0.033216
   -5.830000     0.033346
   -5.820000     0.033476
   -5.810000     0.033607
   -5.800000     0.033738
   -5.790000     0.033871
   -5.780000     0.034004
   -5.770000     0.034138
   -5.760000     0.034273
   -5.750000     0.034409
   -5.740000     0.034545
   -5.730000     0.034683
   -5.720000     0.034821
   -5.710000     0.034960
   -5.700000     0.035100
   -5.690000     0.035241
   -5.680000     0.035383
   -5.670000     0.035525
   -5.660000     0.035669
   -5.650000     0.035813
   -5.640000     0.035959
   -5.630000     0.036105
   -5.620000     0.036252
   -5.610000     0.036401
   -5.600000     0.036550
   -5.590000     0.036700
   -5.580000     0.036851
   -5.570000     0.037003
   -5.560000     0.037156
   -5.550000     0.037310
   -5.540000     0.037465
   -5.530000     0.037621
   -5.520000     0.037778
   -5.510000     0.037936
   -5.500000     0.038095
   -5.490000     0.038255
   -5.480000     0.038417
   -5.470000     0.038579
   -5.460000     0.038742
   -5.450000     0.038907
   -5.440000     0.039072
   -5.430000     0.039239
   -5.420000     0.039407
   -5.410000     0.039576
   -5.400000     0.039746
   -5.390000     0.039917
   -5.380000     0.040089
   -5.370000     0.040263
   -5.360000     0.040437
   -5.350000     0.040613
   -5.340000     0.040790
   -5.330000     0.040969
   -5.320000     0.041148
   -5.310000     0.041329
   -5.300000     0.041511
   -5.290000     0.041694
   -5.280000     0.041879
   -5.270000     0.042065
   -5.260000     0.042252
   -5.250000     0.042440
   -5.240000     0.042630
   -5.230000     0.042821
   -5.220000     0.043014
   -5.210000     0.043208
   -5.200000     0.043403
   -5.190000     0.043599
   -5.180000     0.043797
   -5.170000     0.043997
   -5.160000     0.044198
   -5.150000     0.044400
   -5.140000     0.044604
   -5.130000     0.044809
   -5.120000     0.045016
   -5.110000     0.045224
   -5.100000     0.045434
   -5.090000     0.045645
   -5.080000     0.045858
   -5.070000     0.046073
   -5.060000     0.046289
   -5.050000     0.046506
   -5.040000     0.046725
   -5.030000     0.046946
   -5.020000     0.047169
   -5.010000     0.047393
   -5.000000     0.047619
   -4.990000     0.047847
   -4.980000     0.048076
   -4.970000     0.048307
   -4.960000     0.048540
   -4.950000     0.048775
   -4.940000     0.049011
   -4.930000     0.049249
   -4.920000     0.049489
   -4.910000     0.049731
   -4.900000     0.049975
   -4.890000     0.050221
   -4.880000     0.050468
   -4.870000     0.050718
   -4.860000     0.050969
   -4.850000     0.051223
   -4.840000     0.051478
   -4.830000     0.051736
   -4.820000     0.051996
   -4.810000     0.052257
   -4.800000     0.052521
   -4.790000     0.052787
   -4.780000     0.053055
   -4.770000     0.053325
   -4.760000     0.053597
   -4.750000     0.053872
   -4.740000     0.054149
   -4.730000     0.054428
   -4.720000     0.054709
   -4.710000     0.054993
   -4.700000     0.055279
   -4.690000     0.055568
   -4.680000     0.055858
   -4.670000     0.056152
   -4.660000     0.056447
   -4.650000     0.056746
   -4.640000     0.057046
   -4.630000     0.057350
   -4.620000     0.057655
   -4.610000     0.057964
   -4.600000     0.058275
   -4.590000     0.058589
   -4.580000     0.058905
   -4.570000     0.059225
   -4.560000     0.059546
   -4.550000     0.059871
   -4.540000     0.060199
   -4.530000     0.060529
   -4.520000     0.060863
   -4.510000     0.061199
   -4.500000     0.061538
   -4.490000     0.061881
   -4.480000     0.062226
   -4.470000     0.062575
   -4.460000     0.062926
   -4.450000     0.063281
   -4.440000     0.063639
   -4.430000     0.064000
   -4.420000     0.064365
   -4.410000     0.064733
   -4.400000     0.065104
   -4.390000     0.065479
   -4.380000     0.065857
   -4.370000     0.066239
   -4.360000     0.066624
   -4.350000     0.067013
   -4.340000     0.067405
   -4.330000     0.067802
   -4.320000     0.068202
   -4.310000     0.068605
   -4.300000     0.069013
   -4.290000     0.069425
   -4.280000     0.069840
   -4.270000     0.070260
   -4.260000     0.070683
   -4.250000     0.071111
   -4.240000     0.071543
   -4.230000     0.071979
   -4.220000     0.072420
   -4.210000     0.072865
   -4.200000     0.073314
   -4.190000     0.073768
   -4.180000     0.074226
   -4.170000     0.074689
   -4.160000     0.075156
   -4.150000     0.075629
   -4.140000     0.076106
   -4.130000     0.076588
   -4.120000     0.077075
   -4.110000     0.077567
   -4.100000     0.078064
   -4.090000     0.078566
   -4.080000     0.079074
   -4.070000     0.079587
   -4.060000     0.080105
   -4.050000     0.080629
   -4.040000     0.081158
   -4.030000     0.081693
   -4.020000     0.082234
   -4.010000     0.082781
   -4.000000     0.083333
   -3.990000     0.083892
   -3.980000     0.084457
   -3.970000     0.085028
   -3.960000     0.085605
   -3.950000     0.086188
   -3.940000     0.086778
   -3.930000     0.087375
   -3.920000     0.087979
   -3.910000     0.088589
   -3.900000     0.089206
   -3.890000     0.089830
   -3.880000     0.090462
   -3.870000     0.091100
   -3.860000     0.091746
   -3.850000     0.092400
   -3.840000     0.093061
   -3.830000     0.093730
   -3.820000     0.094407
   -3.810000     0.095092
   -3.800000     0.095785
   -3.790000     0.096487
   -3.780000     0.097197
   -3.770000     0.097915
   -3.760000     0.098643
   -3.750000     0.099379
   -3.740000     0.100124
   -3.730000     0.100879
   -3.720000     0.101643
   -3.710000     0.102416
   -3.700000     0.103199
   -3.690000     0.103992
   -3.680000     0.104795
   -3.670000     0.105609
   -3.660000     0.106433
   -3.650000     0.107267
   -3.640000     0.108113
   -3.630000     0.108969
   -3.620000     0.109837
   -3.610000     0.110716
   -3.600000     0.111607
   -3.590000     0.112510
   -3.580000     0.113425
   -3.570000     0.114352
   -3.560000     0.115292
   -3.550000     0.116245
   -3.540000     0.117211
   -3.530000     0.118191
   -3.520000     0.119184
   -3.510000     0.120191
   -3.500000     0.121212
   -3.490000     0.122248
   -3.480000     0.123298
   -3.470000     0.124364
   -3.460000     0.125445
   -3.450000     0.126542
   -3.440000     0.127655
   -3.430000     0.128785
   -3.420000     0.129931
   -3.410000     0.131094
   -3.400000     0.132275
   -3.390000     0.133474
   -3.380000     0.134691
   -3.370000     0.135927
   -3.360000     0.137182
   -3.350000     0.138456
   -3.340000     0.139751
   -3.330000     0.141066
   -3.320000     0.142401
   -3.310000     0.143759
   -3.300000     0.145138
   -3.290000     0.146539
   -3.280000     0.147964
   -3.270000     0.149412
   -3.260000     0.150884
   -3.250000     0.152381
   -3.240000     0.153903
   -3.230000     0.155451
   -3.220000     0.157025
   -3.210000     0.158627
   -3.200000     0.160256
   -3.190000     0.161914
   -3.180000     0.163602
   -3.170000     0.165319
   -3.160000     0.167068
   -3.150000     0.168848
   -3.140000     0.170660
   -3.130000     0.172506
   -3.120000     0.174386
   -3.110000     0.176302
   -3.100000     0.178253
   -3.090000     0.180242
   -3.080000     0.182269
   -3.070000     0.184335
   -3.060000     0.186442
   -3.050000     0.188590
   -3.040000     0.190781
   -3.030000     0.193017
   -3.020000     0.195297
   -3.010000     0.197625
   -3.000000     0.200000
   -2.990000     0.202425
   -2.980000     0.204901
   -2.970000     0.207430
   -2.960000     0.210013
   -2.950000     0.212653
   -2.940000     0.215350
   -2.930000     0.218107
   -2.920000     0.220926
   -2.910000     0.223809
   -2.900000     0.226757
   -2.890000     0.229774
   -2.880000     0.232861
   -2.870000     0.236022
   -2.860000     0.239257
   -2.850000     0.242571
   -2.840000     0.245966
   -2.830000     0.249445
   -2.820000     0.253011
   -2.810000     0.256667
   -2.800000     0.260417
   -2.790000     0.264264
   -2.780000     0.268212
   -2.770000     0.272264
   -2.760000     0.276426
   -2.750000     0.280702
   -2.740000     0.285095
   -2.730000     0.289612
   -2.720000     0.294256
   -2.710000     0.299034
   -2.700000     0.303951
   -2.690000     0.309014
   -2.680000     0.314228
   -2.670000     0.319601
   -2.660000     0.325140
   -2.650000     0.330852
   -2.640000     0.336746
   -2.630000     0.342830
   -2.620000     0.349113
   -2.610000     0.355606
   -2.600000     0.362319
   -2.590000     0.369263
   -2.580000     0.376449
   -2.570000     0.383892
   -2.560000     0.391604
   -2.550000     0.399600
   -2.540000     0.407897
   -2.530000     0.416510
   -2.520000     0.425459
   -2.510000     0.434764
   -2.500000     0.444444
   -2.490000     0.454525
   -2.480000     0.465030
   -2.470000     0.475986
   -2.460000     0.487424
   -2.450000     0.499376
   -2.440000     0.511876
   -2.430000     0.524962
   -2.420000     0.538677
   -2.410000     0.553067
   -2.400000     0.568182
   -2.390000     0.584078
   -2.380000     0.600817
   -2.370000     0.618467
   -2.360000     0.637105
   -2.350000     0.656814
   -2.340000     0.677690
   -2.330000     0.699839
   -2.320000     0.723380
   -2.310000     0.748447
   -2.300000     0.775194
   -2.290000     0.803794
   -2.280000     0.834446
   -2.270000     0.867378
   -2.260000     0.902853
   -2.250000     0.941176
   -2.240000     0.982704
   -2.230000     1.027855
   -2.220000     1.077122
   -2.210000     1.131094
   -2.200000     1.190476
   -2.190000     1.256124
   -2.180000     1.329080
   -2.170000     1.410636
   -2.160000     1.502404
   -2.150000     1.606426
   -2.140000     1.725328
   -2.130000     1.862544
   -2.120000     2.022654
   -2.110000     2.211900
   -2.100000     2.439024
   -2.090000     2.716653
   -2.080000     3.063725
   -2.070000     3.510004
   -2.060000     4.105090
   -2.050000     4.938272
   -2.040000     6.188119
   -2.030000     8.271299
