   -4.610000    -9.732522
   -4.600000    -8.860175
   -4.590000    -8.129833
   -4.580000    -7.509317
   -4.570000    -6.975488
   -4.560000    -6.511279
   -4.550000    -6.103828
   -4.540000    -5.743258
   -4.530000    -5.421856
   -4.520000    -5.133514
   -4.510000    -4.873333
   -4.500000    -4.637332
   -4.490000    -4.422250
   -4.480000    -4.225387
   -4.470000    -4.044486
   -4.460000    -3.877649
   -4.450000    -3.723269
   -4.440000    -3.579972
   -4.430000    -3.446581
   -4.420000    -3.322078
   -4.410000    -3.205583
   -4.400000    -3.096324
   -4.390000    -2.993628
   -4.380000    -2.896902
   -4.370000    -2.805623
   -4.360000    -2.719326
   -4.350000    -2.637598
   -4.340000    -2.560072
   -4.330000    -2.486415
   -4.320000    -2.416333
   -4.310000    -2.349557
   -4.300000    -2.285848
   -4.290000    -2.224986
   -4.280000    -2.166774
   -4.270000    -2.111031
   -4.260000    -2.057592
   -4.250000    -2.006309
   -4.240000    -1.957043
   -4.230000    -1.909668
   -4.220000    -1.864069
   -4.210000    -1.820139
   -4.200000    -1.777780
   -4.190000    -1.736900
   -4.180000    -1.697416
   -4.170000    -1.659251
   -4.160000    -1.622331
   -4.150000    -1.586590
   -4.140000    -1.551966
   -4.130000    -1.518399
   -4.120000    -1.485837
   -4.110000    -1.454229
   -4.100000    -1.423526
   -4.090000    -1.393686
   -4.080000    -1.364666
   -4.070000    -1.336427
   -4.060000    -1.308933
   -4.050000    -1.282150
   -4.040000    -1.256045
   -4.030000    -1.230587
   -4.020000    -1.205748
   -4.010000    -1.181502
   -4.000000    -1.157821
   -3.990000    -1.134683
   -3.980000    -1.112064
   -3.970000    -1.089942
   -3.960000    -1.068298
   -3.950000    -1.047111
   -3.940000    -1.026363
   -3.930000    -1.006037
   -3.920000    -0.986115
   -3.910000    -0.966583
   -3.900000    -0.947425
   -3.890000    -0.928626
   -3.880000    -0.910173
   -3.870000    -0.892053
   -3.860000    -0.874254
   -3.850000    -0.856763
   -3.840000    -0.839569
   -3.830000    -0.822662
   -3.820000    -0.806031
   -3.810000    -0.789665
   -3.800000    -0.773556
   -3.790000    -0.757694
   -3.780000    -0.742071
   -3.770000    -0.726678
   -3.760000    -0.711507
   -3.750000    -0.696551
   -3.740000    -0.681801
   -3.730000    -0.667251
   -3.720000    -0.652895
   -3.710000    -0.638724
   -3.700000    -0.624733
   -3.690000    -0.610916
   -3.680000    -0.597267
   -3.670000    -0.583780
   -3.660000    -0.570449
   -3.650000    -0.557270
   -3.640000    -0.544236
   -3.630000    -0.531344
   -3.620000    -0.518588
   -3.610000    -0.505964
   -3.600000    -0.493467
   -3.590000    -0.481092
   -3.580000    -0.468836
   -3.570000    -0.456695
   -3.560000    -0.444664
   -3.550000    -0.432739
   -3.540000    -0.420917
   -3.530000    -0.409194
   -3.520000    -0.397567
   -3.510000    -0.386032
   -3.500000    -0.374586
   -3.490000    -0.363225
   -3.480000    -0.351946
   -3.470000    -0.340746
   -3.460000    -0.329623
   -3.450000    -0.318572
   -3.440000    -0.307592
   -3.430000    -0.296679
   -3.420000    -0.285831
   -3.410000    -0.275044
   -3.400000    -0.264317
   -3.390000    -0.253646
   -3.380000    -0.243029
   -3.370000    -0.232464
   -3.360000    -0.221948
   -3.350000    -0.211478
   -3.340000    -0.201052
   -3.330000    -0.190669
   -3.320000    -0.180325
   -3.310000    -0.170018
   -3.300000    -0.159746
   -3.290000    -0.149507
   -3.280000    -0.139298
   -3.270000    -0.129118
   -3.260000    -0.118964
   -3.250000    -0.108834
   -3.240000    -0.098726
   -3.230000    -0.088638
   -3.220000    -0.078568
   -3.210000    -0.068514
   -3.200000    -0.058474
   -3.190000    -0.048445
   -3.180000    -0.038426
   -3.170000    -0.028415
   -3.160000    -0.018409
   -3.150000    -0.008408
   -3.140000     0.001593
   -3.130000     0.011593
   -3.120000     0.021596
   -3.110000     0.031603
   -3.100000     0.041617
   -3.090000     0.051638
   -3.080000     0.061671
   -3.070000     0.071715
   -3.060000     0.081774
   -3.050000     0.091850
   -3.040000     0.101944
   -3.030000     0.112058
   -3.020000     0.122195
   -3.010000     0.132358
   -3.000000     0.142547
   -2.990000     0.152765
   -2.980000     0.163014
   -2.970000     0.173297
   -2.960000     0.183615
   -2.950000     0.193972
   -2.940000     0.204369
   -2.930000     0.214808
   -2.920000     0.225292
   -2.910000     0.235824
   -2.900000     0.246405
   -2.890000     0.257039
   -2.880000     0.267728
   -2.870000     0.278474
   -2.860000     0.289279
   -2.850000     0.300148
   -2.840000     0.311082
   -2.830000     0.322084
   -2.820000     0.333158
   -2.810000     0.344305
   -2.800000     0.355530
   -2.790000     0.366834
   -2.780000     0.378222
   -2.770000     0.389697
   -2.760000     0.401261
   -2.750000     0.412918
   -2.740000     0.424672
   -2.730000     0.436526
   -2.720000     0.448484
   -2.710000     0.460550
   -2.700000     0.472728
   -2.690000     0.485021
   -2.680000     0.497434
   -2.670000     0.509971
   -2.660000     0.522637
   -2.650000     0.535436
   -2.640000     0.548372
   -2.630000     0.561452
   -2.620000     0.574679
   -2.610000     0.588058
   -2.600000     0.601597
   -2.590000     0.615299
   -2.580000     0.629170
   -2.570000     0.643218
   -2.560000     0.657447
   -2.550000     0.671865
   -2.540000     0.686477
   -2.530000     0.701292
   -2.520000     0.716316
   -2.510000     0.731557
   -2.500000     0.747022
   -2.490000     0.762721
   -2.480000     0.778660
   -2.470000     0.794850
   -2.460000     0.811299
   -2.450000     0.828017
   -2.440000     0.845015
   -2.430000     0.862302
   -2.420000     0.879890
   -2.410000     0.897790
   -2.400000     0.916014
   -2.390000     0.934576
   -2.380000     0.953487
   -2.370000     0.972763
   -2.360000     0.992418
   -2.350000     1.012466
   -2.340000     1.032925
   -2.330000     1.053811
   -2.320000     1.075142
   -2.310000     1.096936
   -2.300000     1.119214
   -2.290000     1.141996
   -2.280000     1.165304
   -2.270000     1.189162
   -2.260000     1.213595
   -2.250000     1.238628
   -2.240000     1.264288
   -2.230000     1.290606
   -2.220000     1.317612
   -2.210000     1.345340
   -2.200000     1.373823
   -2.190000     1.403100
   -2.180000     1.433211
   -2.170000     1.464197
   -2.160000     1.496104
   -2.150000     1.528980
   -2.140000     1.562877
   -2.130000     1.597851
   -2.120000     1.633960
   -2.110000     1.671269
   -2.100000     1.709847
   -2.090000     1.749766
   -2.080000     1.791108
   -2.070000     1.833957
   -2.060000     1.878408
   -2.050000     1.924561
   -2.040000     1.972525
   -2.030000     2.022419
   -2.020000     2.074373
   -2.010000     2.128529
   -2.000000     2.185040
   -1.990000     2.244076
   -1.980000     2.305822
   -1.970000     2.370484
   -1.960000     2.438285
   -1.950000     2.509475
   -1.940000     2.584331
   -1.930000     2.663159
   -1.920000     2.746300
   -1.910000     2.834136
   -1.900000     2.927098
   -1.890000     3.025665
   -1.880000     3.130383
   -1.870000     3.241870
   -1.860000     3.360828
   -1.850000     3.488060
   -1.840000     3.624488
   -1.830000     3.771179
   -1.820000     3.929368
   -1.810000     4.100497
   -1.800000     4.286262
   -1.790000     4.488664
   -1.780000     4.710092
   -1.770000     4.953410
   -1.760000     5.222091
   -1.750000     5.520380
   -1.740000     5.853528
   -1.730000     6.228104
   -1.720000     6.652439
   -1.710000     7.137257
   -1.700000     7.696602
   -1.690000     8.349231
   -1.680000     9.120771
