   -1.470000    -9.887375
   -1.460000    -8.988608
   -1.450000    -8.238093
   -1.440000    -7.601826
   -1.430000    -7.055464
   -1.420000    -6.581119
   -1.410000    -6.165356
   -1.400000    -5.797884
   -1.390000    -5.470689
   -1.380000    -5.177437
   -1.370000    -4.913058
   -1.360000    -4.673441
   -1.350000    -4.455222
   -1.340000    -4.255618
   -1.330000    -4.072310
   -1.320000    -3.903348
   -1.310000    -3.747081
   -1.300000    -3.602102
   -1.290000    -3.467206
   -1.280000    -3.341350
   -1.270000    -3.223633
   -1.260000    -3.113269
   -1.250000    -3.009570
   -1.240000    -2.911930
   -1.230000    -2.819816
   -1.220000    -2.732754
   -1.210000    -2.650325
   -1.200000    -2.572152
   -1.190000    -2.497899
   -1.180000    -2.427266
   -1.170000    -2.359981
   -1.160000    -2.295799
   -1.150000    -2.234497
   -1.140000    -2.175875
   -1.130000    -2.119750
   -1.120000    -2.065955
   -1.110000    -2.014338
   -1.100000    -1.964760
   -1.090000    -1.917092
   -1.080000    -1.871217
   -1.070000    -1.827028
   -1.060000    -1.784425
   -1.050000    -1.743315
   -1.040000    -1.703615
   -1.030000    -1.665244
   -1.020000    -1.628130
   -1.010000    -1.592206
   -1.000000    -1.557408
   -0.990000    -1.523677
   -0.980000    -1.490958
   -0.970000    -1.459201
   -0.960000    -1.428357
   -0.950000    -1.398383
   -0.940000    -1.369234
   -0.930000    -1.340874
   -0.920000    -1.313264
   -0.910000    -1.286369
   -0.900000    -1.260158
   -0.890000    -1.234599
   -0.880000    -1.209664
   -0.870000    -1.185325
   -0.860000    -1.161556
   -0.850000    -1.138333
   -0.840000    -1.115632
   -0.830000    -1.093433
   -0.820000    -1.071714
   -0.810000    -1.050455
   -0.800000    -1.029639
   -0.790000    -1.009246
   -0.780000    -0.989262
   -0.770000    -0.969668
   -0.760000    -0.950451
   -0.750000    -0.931596
   -0.740000    -0.913090
   -0.730000    -0.894918
   -0.720000    -0.877068
   -0.710000    -0.859529
   -0.700000    -0.842288
   -0.690000    -0.825336
   -0.680000    -0.808661
   -0.670000    -0.792254
   -0.660000    -0.776105
   -0.650000    -0.760204
   -0.640000    -0.744544
   -0.630000    -0.729115
   -0.620000    -0.713909
   -0.610000    -0.698919
   -0.600000    -0.684137
   -0.590000    -0.669556
   -0.580000    -0.655168
   -0.570000    -0.640969
   -0.560000    -0.626950
   -0.550000    -0.613105
   -0.540000    -0.599430
   -0.530000    -0.585917
   -0.520000    -0.572562
   -0.510000    -0.559359
   -0.500000    -0.546302
   -0.490000    -0.533388
   -0.480000    -0.520611
   -0.470000    -0.507966
   -0.460000    -0.495449
   -0.450000    -0.483055
   -0.440000    -0.470781
   -0.430000    -0.458621
   -0.420000    -0.446573
   -0.410000    -0.434631
   -0.400000    -0.422793
   -0.390000    -0.411055
   -0.380000    -0.399413
   -0.370000    -0.387863
   -0.360000    -0.376403
   -0.350000    -0.365028
   -0.340000    -0.353737
   -0.330000    -0.342525
   -0.320000    -0.331389
   -0.310000    -0.320328
   -0.300000    -0.309336
   -0.290000    -0.298413
   -0.280000    -0.287554
   -0.270000    -0.276758
   -0.260000    -0.266022
   -0.250000    -0.255342
   -0.240000    -0.244717
   -0.230000    -0.234143
   -0.220000    -0.223619
   -0.210000    -0.213142
   -0.200000    -0.202710
   -0.190000    -0.192320
   -0.180000    -0.181970
   -0.170000    -0.171657
   -0.160000    -0.161379
   -0.150000    -0.151135
   -0.140000    -0.140922
   -0.130000    -0.130737
   -0.120000    -0.120579
   -0.110000    -0.110446
   -0.100000    -0.100335
   -0.090000    -0.090244
   -0.080000    -0.080171
   -0.070000    -0.070115
   -0.060000    -0.060072
   -0.050000    -0.050042
   -0.040000    -0.040021
   -0.030000    -0.030009
   -0.020000    -0.020003
   -0.010000    -0.010000
    0.000000     0.000000
    0.010000     0.010000
    0.020000     0.020003
    0.030000     0.030009
    0.040000     0.040021
    0.050000     0.050042
    0.060000     0.060072
    0.070000     0.070115
    0.080000     0.080171
    0.090000     0.090244
    0.100000     0.100335
    0.110000     0.110446
    0.120000     0.120579
    0.130000     0.130737
    0.140000     0.140922
    0.150000     0.151135
    0.160000     0.161379
    0.170000     0.171657
    0.180000     0.181970
    0.190000     0.192320
    0.200000     0.202710
    0.210000     0.213142
    0.220000     0.223619
    0.230000     0.234143
    0.240000     0.244717
    0.250000     0.255342
    0.260000     0.266022
    0.270000     0.276758
    0.280000     0.287554
    0.290000     0.298413
    0.300000     0.309336
    0.310000     0.320328
    0.320000     0.331389
    0.330000     0.342525
    0.340000     0.353737
    0.350000     0.365028
    0.360000     0.376403
    0.370000     0.387863
    0.380000     0.399413
    0.390000     0.411055
    0.400000     0.422793
    0.410000     0.434631
    0.420000     0.446573
    0.430000     0.458621
    0.440000     0.470781
    0.450000     0.483055
    0.460000     0.495449
    0.470000     0.507966
    0.480000     0.520611
    0.490000     0.533388
    0.500000     0.546302
    0.510000     0.559359
    0.520000     0.572562
    0.530000     0.585917
    0.540000     0.599430
    0.550000     0.613105
    0.560000     0.626950
    0.570000     0.640969
    0.580000     0.655168
    0.590000     0.669556
    0.600000     0.684137
    0.610000     0.698919
    0.620000     0.713909
    0.630000     0.729115
    0.640000     0.744544
    0.650000     0.760204
    0.660000     0.776105
    0.670000     0.792254
    0.680000     0.808661
    0.690000     0.825336
    0.700000     0.842288
    0.710000     0.859529
    0.720000     0.877068
    0.730000     0.894918
    0.740000     0.913090
    0.750000     0.931596
    0.760000     0.950451
    0.770000     0.969668
    0.780000     0.989262
    0.790000     1.009246
    0.800000     1.029639
    0.810000     1.050455
    0.820000     1.071714
    0.830000     1.093433
    0.840000     1.115632
    0.850000     1.138333
    0.860000     1.161556
    0.870000     1.185325
    0.880000     1.209664
    0.890000     1.234599
    0.900000     1.260158
    0.910000     1.286369
    0.920000     1.313264
    0.930000     1.340874
    0.940000     1.369234
    0.950000     1.398383
    0.960000     1.428357
    0.970000     1.459201
    0.980000     1.490958
    0.990000     1.523677
    1.000000     1.557408
    1.010000     1.592206
    1.020000     1.628130
    1.030000     1.665244
    1.040000     1.703615
    1.050000     1.743315
    1.060000     1.784425
    1.070000     1.827028
    1.080000     1.871217
    1.090000     1.917092
    1.100000     1.964760
    1.110000     2.014338
    1.120000     2.065955
    1.130000     2.119750
    1.140000     2.175875
    1.150000     2.234497
    1.160000     2.295799
    1.170000     2.359981
    1.180000     2.427266
    1.190000     2.497899
    1.200000     2.572152
    1.210000     2.650325
    1.220000     2.732754
    1.230000     2.819816
    1.240000     2.911930
    1.250000     3.009570
    1.260000     3.113269
    1.270000     3.223633
    1.280000     3.341350
    1.290000     3.467206
    1.300000     3.602102
    1.310000     3.747081
    1.320000     3.903348
    1.330000     4.072310
    1.340000     4.255618
    1.350000     4.455222
    1.360000     4.673441
    1.370000     4.913058
    1.380000     5.177437
    1.390000     5.470689
    1.400000     5.797884
    1.410000     6.165356
    1.420000     6.581119
    1.430000     7.055464
    1.440000     7.601826
    1.450000     8.238093
    1.460000     8.988608
    1.470000     9.887375
