   -8.000000    -0.125000
   -7.990000    -0.125156
   -7.980000    -0.125313
   -7.970000    -0.125471
   -7.960000    -0.125628
   -7.950000    -0.125786
   -7.940000    -0.125945
   -7.930000    -0.126103
   -7.920000    -0.126263
   -7.910000    -0.126422
   -7.900000    -0.126582
   -7.890000    -0.126743
   -7.880000    -0.126904
   -7.870000    -0.127065
   -7.860000    -0.127226
   -7.850000    -0.127389
   -7.840000    -0.127551
   -7.830000    -0.127714
   -7.820000    -0.127877
   -7.810000    -0.128041
   -7.800000    -0.128205
   -7.790000    -0.128370
   -7.780000    -0.128535
   -7.770000    -0.128700
   -7.760000    -0.128866
   -7.750000    -0.129032
   -7.740000    -0.129199
   -7.730000    -0.129366
   -7.720000    -0.129534
   -7.710000    -0.129702
   -7.700000    -0.129870
   -7.690000    -0.130039
   -7.680000    -0.130208
   -7.670000    -0.130378
   -7.660000    -0.130548
   -7.650000    -0.130719
   -7.640000    -0.130890
   -7.630000    -0.131062
   -7.620000    -0.131234
   -7.610000    -0.131406
   -7.600000    -0.131579
   -7.590000    -0.131752
   -7.580000    -0.131926
   -7.570000    -0.132100
   -7.560000    -0.132275
   -7.550000    -0.132450
   -7.540000    -0.132626
   -7.530000    -0.132802
   -7.520000    -0.132979
   -7.510000    -0.133156
   -7.500000    -0.133333
   -7.490000    -0.133511
   -7.480000    -0.133690
   -7.470000    -0.133869
   -7.460000    -0.134048
   -7.450000    -0.134228
   -7.440000    -0.134409
   -7.430000    -0.134590
   -7.420000    -0.134771
   -7.410000    -0.134953
   -7.400000    -0.135135
   -7.390000    -0.135318
   -7.380000    -0.135501
   -7.370000    -0.135685
   -7.360000    -0.135870
   -7.350000    -0.136054
   -7.340000    -0.136240
   -7.330000    -0.136426
   -7.320000    -0.136612
   -7.310000    -0.136799
   -7.300000    -0.136986
   -7.290000    -0.137174
   -7.280000    -0.137363
   -7.270000    -0.137552
   -7.260000    -0.137741
   -7.250000    -0.137931
   -7.240000    -0.138122
   -7.230000    -0.138313
   -7.220000    -0.138504
   -7.210000    -0.138696
   -7.200000    -0.138889
   -7.190000    -0.139082
   -7.180000    -0.139276
   -7.170000    -0.139470
   -7.160000    -0.139665
   -7.150000    -0.139860
   -7.140000    -0.140056
   -7.130000    -0.140252
   -7.120000    -0.140449
   -7.110000    -0.140647
   -7.100000    -0.140845
   -7.090000    -0.141044
   -7.080000    -0.141243
   -7.070000    -0.141443
   -7.060000    -0.141643
   -7.050000    -0.141844
   -7.040000    -0.142045
   -7.030000    -0.142248
   -7.020000    -0.142450
   -7.010000    -0.142653
   -7.000000    -0.142857
   -6.990000    -0.143062
   -6.980000    -0.143266
   -6.970000    -0.143472
   -6.960000    -0.143678
   -6.950000    -0.143885
   -6.940000    -0.144092
   -6.930000    -0.144300
   -6.920000    -0.144509
   -6.910000    -0.144718
   -6.900000    -0.144928
   -6.890000    -0.145138
   -6.880000    -0.145349
   -6.870000    -0.145560
   -6.860000    -0.145773
   -6.850000    -0.145985
   -6.840000    -0.146199
   -6.830000    -0.146413
   -6.820000    -0.146628
   -6.810000    -0.146843
   -6.800000    -0.147059
   -6.790000    -0.147275
   -6.780000    -0.147493
   -6.770000    -0.147710
   -6.760000    -0.147929
   -6.750000    -0.148148
   -6.740000    -0.148368
   -6.730000    -0.148588
   -6.720000    -0.148810
   -6.710000    -0.149031
   -6.700000    -0.149254
   -6.690000    -0.149477
   -6.680000    -0.149701
   -6.670000    -0.149925
   -6.660000    -0.150150
   -6.650000    -0.150376
   -6.640000    -0.150602
   -6.630000    -0.150830
   -6.620000    -0.151057
   -6.610000    -0.151286
   -6.600000    -0.151515
   -6.590000    -0.151745
   -6.580000    -0.151976
   -6.570000    -0.152207
   -6.560000    -0.152439
   -6.550000    -0.152672
   -6.540000    -0.152905
   -6.530000    -0.153139
   -6.520000    -0.153374
   -6.510000    -0.153610
   -6.500000    -0.153846
   -6.490000    -0.154083
   -6.480000    -0.154321
   -6.470000    -0.154560
   -6.460000    -0.154799
   -6.450000    -0.155039
   -6.440000    -0.155280
   -6.430000    -0.155521
   -6.420000    -0.155763
   -6.410000    -0.156006
   -6.400000    -0.156250
   -6.390000    -0.156495
   -6.380000    -0.156740
   -6.370000    -0.156986
   -6.360000    -0.157233
   -6.350000    -0.157480
   -6.340000    -0.157729
   -6.330000    -0.157978
   -6.320000    -0.158228
   -6.310000    -0.158479
   -6.300000    -0.158730
   -6.290000    -0.158983
   -6.280000    -0.159236
   -6.270000    -0.159490
   -6.260000    -0.159744
   -6.250000    -0.160000
   -6.240000    -0.160256
   -6.230000    -0.160514
   -6.220000    -0.160772
   -6.210000    -0.161031
   -6.200000    -0.161290
   -6.190000    -0.161551
   -6.180000    -0.161812
   -6.170000    -0.162075
   -6.160000    -0.162338
   -6.150000    -0.162602
   -6.140000    -0.162866
   -6.130000    -0.163132
   -6.120000    -0.163399
   -6.110000    -0.163666
   -6.100000    -0.163934
   -6.090000    -0.164204
   -6.080000    -0.164474
   -6.070000    -0.164745
   -6.060000    -0.165017
   -6.050000    -0.165289
   -6.040000    -0.165563
   -6.030000    -0.165837
   -6.020000    -0.166113
   -6.010000    -0.166389
   -6.000000    -0.166667
   -5.990000    -0.166945
   -5.980000    -0.167224
   -5.970000    -0.167504
   -5.960000    -0.167785
   -5.950000    -0.168067
   -5.940000    -0.168350
   -5.930000    -0.168634
   -5.920000    -0.168919
   -5.910000    -0.169205
   -5.900000    -0.169492
   -5.890000    -0.169779
   -5.880000    -0.170068
   -5.870000    -0.170358
   -5.860000    -0.170648
   -5.850000    -0.170940
   -5.840000    -0.171233
   -5.830000    -0.171527
   -5.820000    -0.171821
   -5.810000    -0.172117
   -5.800000    -0.172414
   -5.790000    -0.172712
   -5.780000    -0.173010
   -5.770000    -0.173310
   -5.760000    -0.173611
   -5.750000    -0.173913
   -5.740000    -0.174216
   -5.730000    -0.174520
   -5.720000    -0.174825
   -5.710000    -0.175131
   -5.700000    -0.175439
   -5.690000    -0.175747
   -5.680000    -0.176056
   -5.670000    -0.176367
   -5.660000    -0.176678
   -5.650000    -0.176991
   -5.640000    -0.177305
   -5.630000    -0.177620
   -5.620000    -0.177936
   -5.610000    -0.178253
   -5.600000    -0.178571
   -5.590000    -0.178891
   -5.580000    -0.179211
   -5.570000    -0.179533
   -5.560000    -0.179856
   -5.550000    -0.180180
   -5.540000    -0.180505
   -5.530000    -0.180832
   -5.520000    -0.181159
   -5.510000    -0.181488
   -5.500000    -0.181818
   -5.490000    -0.182149
   -5.480000    -0.182482
   -5.470000    -0.182815
   -5.460000    -0.183150
   -5.450000    -0.183486
   -5.440000    -0.183824
   -5.430000    -0.184162
   -5.420000    -0.184502
   -5.410000    -0.184843
   -5.400000    -0.185185
   -5.390000    -0.185529
   -5.380000    -0.185874
   -5.370000    -0.186220
   -5.360000    -0.186567
   -5.350000    -0.186916
   -5.340000    -0.187266
   -5.330000    -0.187617
   -5.320000    -0.187970
   -5.310000    -0.188324
   -5.300000    -0.188679
   -5.290000    -0.189036
   -5.280000    -0.189394
   -5.270000    -0.189753
   -5.260000    -0.190114
   -5.250000    -0.190476
   -5.240000    -0.190840
   -5.230000    -0.191205
   -5.220000    -0.191571
   -5.210000    -0.191939
   -5.200000    -0.192308
   -5.190000    -0.192678
   -5.180000    -0.193050
   -5.170000    -0.193424
   -5.160000    -0.193798
   -5.150000    -0.194175
   -5.140000    -0.194553
   -5.130000    -0.194932
   -5.120000    -0.195312
   -5.110000    -0.195695
   -5.100000    -0.196078
   -5.090000    -0.196464
   -5.080000    -0.196850
   -5.070000    -0.197239
   -5.060000    -0.197628
   -5.050000    -0.198020
   -5.040000    -0.198413
   -5.030000    -0.198807
   -5.020000    -0.199203
   -5.010000    -0.199601
   -5.000000    -0.200000
   -4.990000    -0.200401
   -4.980000    -0.200803
   -4.970000    -0.201207
   -4.960000    -0.201613
   -4.950000    -0.202020
   -4.940000    -0.202429
   -4.930000    -0.202840
   -4.920000    -0.203252
   -4.910000    -0.203666
   -4.900000    -0.204082
   -4.890000    -0.204499
   -4.880000    -0.204918
   -4.870000    -0.205339
   -4.860000    -0.205761
   -4.850000    -0.206186
   -4.840000    -0.206612
   -4.830000    -0.207039
   -4.820000    -0.207469
   -4.810000    -0.207900
   -4.800000    -0.208333
   -4.790000    -0.208768
   -4.780000    -0.209205
   -4.770000    -0.209644
   -4.760000    -0.210084
   -4.750000    -0.210526
   -4.740000    -0.210970
   -4.730000    -0.211416
   -4.720000    -0.211864
   -4.710000    -0.212314
   -4.700000    -0.212766
   -4.690000    -0.213220
   -4.680000    -0.213675
   -4.670000    -0.214133
   -4.660000    -0.214592
   -4.650000    -0.215054
   -4.640000    -0.215517
   -4.630000    -0.215983
   -4.620000    -0.216450
   -4.610000    -0.216920
   -4.600000    -0.217391
   -4.590000    -0.217865
   -4.580000    -0.218341
   -4.570000    -0.218818
   -4.560000    -0.219298
   -4.550000    -0.219780
   -4.540000    -0.220264
   -4.530000    -0.220751
   -4.520000    -0.221239
   -4.510000    -0.221729
   -4.500000    -0.222222
   -4.490000    -0.222717
   -4.480000    -0.223214
   -4.470000    -0.223714
   -4.460000    -0.224215
   -4.450000    -0.224719
   -4.440000    -0.225225
   -4.430000    -0.225734
   -4.420000    -0.226244
   -4.410000    -0.226757
   -4.400000    -0.227273
   -4.390000    -0.227790
   -4.380000    -0.228311
   -4.370000    -0.228833
   -4.360000    -0.229358
   -4.350000    -0.229885
   -4.340000    -0.230415
   -4.330000    -0.230947
   -4.320000    -0.231481
   -4.310000    -0.232019
   -4.300000    -0.232558
   -4.290000    -0.233100
   -4.280000    -0.233645
   -4.270000    -0.234192
   -4.260000    -0.234742
   -4.250000    -0.235294
   -4.240000    -0.235849
   -4.230000    -0.236407
   -4.220000    -0.236967
   -4.210000    -0.237530
   -4.200000    -0.238095
   -4.190000    -0.238663
   -4.180000    -0.239234
   -4.170000    -0.239808
   -4.160000    -0.240385
   -4.150000    -0.240964
   -4.140000    -0.241546
   -4.130000    -0.242131
   -4.120000    -0.242718
   -4.110000    -0.243309
   -4.100000    -0.243902
   -4.090000    -0.244499
   -4.080000    -0.245098
   -4.070000    -0.245700
   -4.060000    -0.246305
   -4.050000    -0.246914
   -4.040000    -0.247525
   -4.030000    -0.248139
   -4.020000    -0.248756
   -4.010000    -0.249377
   -4.000000    -0.250000
   -3.990000    -0.250627
   -3.980000    -0.251256
   -3.970000    -0.251889
   -3.960000    -0.252525
   -3.950000    -0.253165
   -3.940000    -0.253807
   -3.930000    -0.254453
   -3.920000    -0.255102
   -3.910000    -0.255754
   -3.900000    -0.256410
   -3.890000    -0.257069
   -3.880000    -0.257732
   -3.870000    -0.258398
   -3.860000    -0.259067
   -3.850000    -0.259740
   -3.840000    -0.260417
   -3.830000    -0.261097
   -3.820000    -0.261780
   -3.810000    -0.262467
   -3.800000    -0.263158
   -3.790000    -0.263852
   -3.780000    -0.264550
   -3.770000    -0.265252
   -3.760000    -0.265957
   -3.750000    -0.266667
   -3.740000    -0.267380
   -3.730000    -0.268097
   -3.720000    -0.268817
   -3.710000    -0.269542
   -3.700000    -0.270270
   -3.690000    -0.271003
   -3.680000    -0.271739
   -3.670000    -0.272480
   -3.660000    -0.273224
   -3.650000    -0.273973
   -3.640000    -0.274725
   -3.630000    -0.275482
   -3.620000    -0.276243
   -3.610000    -0.277008
   -3.600000    -0.277778
   -3.590000    -0.278552
   -3.580000    -0.279330
   -3.570000    -0.280112
   -3.560000    -0.280899
   -3.550000    -0.281690
   -3.540000    -0.282486
   -3.530000    -0.283286
   -3.520000    -0.284091
   -3.510000    -0.284900
   -3.500000    -0.285714
   -3.490000    -0.286533
   -3.480000    -0.287356
   -3.470000    -0.288184
   -3.460000    -0.289017
   -3.450000    -0.289855
   -3.440000    -0.290698
   -3.430000    -0.291545
   -3.420000    -0.292398
   -3.410000    -0.293255
   -3.400000    -0.294118
   -3.390000    -0.294985
   -3.380000    -0.295858
   -3.370000    -0.296736
   -3.360000    -0.297619
   -3.350000    -0.298507
   -3.340000    -0.299401
   -3.330000    -0.300300
   -3.320000    -0.301205
   -3.310000    -0.302115
   -3.300000    -0.303030
   -3.290000    -0.303951
   -3.280000    -0.304878
   -3.270000    -0.305810
   -3.260000    -0.306748
   -3.250000    -0.307692
   -3.240000    -0.308642
   -3.230000    -0.309598
   -3.220000    -0.310559
   -3.210000    -0.311526
   -3.200000    -0.312500
   -3.190000    -0.313480
   -3.180000    -0.314465
   -3.170000    -0.315457
   -3.160000    -0.316456
   -3.150000    -0.317460
   -3.140000    -0.318471
   -3.130000    -0.319489
   -3.120000    -0.320513
   -3.110000    -0.321543
   -3.100000    -0.322581
   -3.090000    -0.323625
   -3.080000    -0.324675
   -3.070000    -0.325733
   -3.060000    -0.326797
   -3.050000    -0.327869
   -3.040000    -0.328947
   -3.030000    -0.330033
   -3.020000    -0.331126
   -3.010000    -0.332226
   -3.000000    -0.333333
   -2.990000    -0.334448
   -2.980000    -0.335570
   -2.970000    -0.336700
   -2.960000    -0.337838
   -2.950000    -0.338983
   -2.940000    -0.340136
   -2.930000    -0.341297
   -2.920000    -0.342466
   -2.910000    -0.343643
   -2.900000    -0.344828
   -2.890000    -0.346021
   -2.880000    -0.347222
   -2.870000    -0.348432
   -2.860000    -0.349650
   -2.850000    -0.350877
   -2.840000    -0.352113
   -2.830000    -0.353357
   -2.820000    -0.354610
   -2.810000    -0.355872
   -2.800000    -0.357143
   -2.790000    -0.358423
   -2.780000    -0.359712
   -2.770000    -0.361011
   -2.760000    -0.362319
   -2.750000    -0.363636
   -2.740000    -0.364964
   -2.730000    -0.366300
   -2.720000    -0.367647
   -2.710000    -0.369004
   -2.700000    -0.370370
   -2.690000    -0.371747
   -2.680000    -0.373134
   -2.670000    -0.374532
   -2.660000    -0.375940
   -2.650000    -0.377358
   -2.640000    -0.378788
   -2.630000    -0.380228
   -2.620000    -0.381679
   -2.610000    -0.383142
   -2.600000    -0.384615
   -2.590000    -0.386100
   -2.580000    -0.387597
   -2.570000    -0.389105
   -2.560000    -0.390625
   -2.550000    -0.392157
   -2.540000    -0.393701
   -2.530000    -0.395257
   -2.520000    -0.396825
   -2.510000    -0.398406
   -2.500000    -0.400000
   -2.490000    -0.401606
   -2.480000    -0.403226
   -2.470000    -0.404858
   -2.460000    -0.406504
   -2.450000    -0.408163
   -2.440000    -0.409836
   -2.430000    -0.411523
   -2.420000    -0.413223
   -2.410000    -0.414938
   -2.400000    -0.416667
   -2.390000    -0.418410
   -2.380000    -0.420168
   -2.370000    -0.421941
   -2.360000    -0.423729
   -2.350000    -0.425532
   -2.340000    -0.427350
   -2.330000    -0.429185
   -2.320000    -0.431034
   -2.310000    -0.432900
   -2.300000    -0.434783
   -2.290000    -0.436681
   -2.280000    -0.438596
   -2.270000    -0.440529
   -2.260000    -0.442478
   -2.250000    -0.444444
   -2.240000    -0.446429
   -2.230000    -0.448430
   -2.220000    -0.450450
   -2.210000    -0.452489
   -2.200000    -0.454545
   -2.190000    -0.456621
   -2.180000    -0.458716
   -2.170000    -0.460829
   -2.160000    -0.462963
   -2.150000    -0.465116
   -2.140000    -0.467290
   -2.130000    -0.469484
   -2.120000    -0.471698
   -2.110000    -0.473934
   -2.100000    -0.476190
   -2.090000    -0.478469
   -2.080000    -0.480769
   -2.070000    -0.483092
   -2.060000    -0.485437
   -2.050000    -0.487805
   -2.040000    -0.490196
   -2.030000    -0.492611
   -2.020000    -0.495050
   -2.010000    -0.497512
   -2.000000    -0.500000
   -1.990000    -0.502513
   -1.980000    -0.505051
   -1.970000    -0.507614
   -1.960000    -0.510204
   -1.950000    -0.512821
   -1.940000    -0.515464
   -1.930000    -0.518135
   -1.920000    -0.520833
   -1.910000    -0.523560
   -1.900000    -0.526316
   -1.890000    -0.529101
   -1.880000    -0.531915
   -1.870000    -0.534759
   -1.860000    -0.537634
   -1.850000    -0.540541
   -1.840000    -0.543478
   -1.830000    -0.546448
   -1.820000    -0.549451
   -1.810000    -0.552486
   -1.800000    -0.555556
   -1.790000    -0.558659
   -1.780000    -0.561798
   -1.770000    -0.564972
   -1.760000    -0.568182
   -1.750000    -0.571429
   -1.740000    -0.574713
   -1.730000    -0.578035
   -1.720000    -0.581395
   -1.710000    -0.584795
   -1.700000    -0.588235
   -1.690000    -0.591716
   -1.680000    -0.595238
   -1.670000    -0.598802
   -1.660000    -0.602410
   -1.650000    -0.606061
   -1.640000    -0.609756
   -1.630000    -0.613497
   -1.620000    -0.617284
   -1.610000    -0.621118
   -1.600000    -0.625000
   -1.590000    -0.628931
   -1.580000    -0.632911
   -1.570000    -0.636943
   -1.560000    -0.641026
   -1.550000    -0.645161
   -1.540000    -0.649351
   -1.530000    -0.653595
   -1.520000    -0.657895
   -1.510000    -0.662252
   -1.500000    -0.666667
   -1.490000    -0.671141
   -1.480000    -0.675676
   -1.470000    -0.680272
   -1.460000    -0.684932
   -1.450000    -0.689655
   -1.440000    -0.694444
   -1.430000    -0.699301
   -1.420000    -0.704225
   -1.410000    -0.709220
   -1.400000    -0.714286
   -1.390000    -0.719424
   -1.380000    -0.724638
   -1.370000    -0.729927
   -1.360000    -0.735294
   -1.350000    -0.740741
   -1.340000    -0.746269
   -1.330000    -0.751880
   -1.320000    -0.757576
   -1.310000    -0.763359
   -1.300000    -0.769231
   -1.290000    -0.775194
   -1.280000    -0.781250
   -1.270000    -0.787402
   -1.260000    -0.793651
   -1.250000    -0.800000
   -1.240000    -0.806452
   -1.230000    -0.813008
   -1.220000    -0.819672
   -1.210000    -0.826446
   -1.200000    -0.833333
   -1.190000    -0.840336
   -1.180000    -0.847458
   -1.170000    -0.854701
   -1.160000    -0.862069
   -1.150000    -0.869565
   -1.140000    -0.877193
   -1.130000    -0.884956
   -1.120000    -0.892857
   -1.110000    -0.900901
   -1.100000    -0.909091
   -1.090000    -0.917431
   -1.080000    -0.925926
   -1.070000    -0.934579
   -1.060000    -0.943396
   -1.050000    -0.952381
   -1.040000    -0.961538
   -1.030000    -0.970874
   -1.020000    -0.980392
   -1.010000    -0.990099
   -1.000000    -1.000000
   -0.990000    -1.010101
   -0.980000    -1.020408
   -0.970000    -1.030928
   -0.960000    -1.041667
   -0.950000    -1.052632
   -0.940000    -1.063830
   -0.930000    -1.075269
   -0.920000    -1.086957
   -0.910000    -1.098901
   -0.900000    -1.111111
   -0.890000    -1.123596
   -0.880000    -1.136364
   -0.870000    -1.149425
   -0.860000    -1.162791
   -0.850000    -1.176471
   -0.840000    -1.190476
   -0.830000    -1.204819
   -0.820000    -1.219512
   -0.810000    -1.234568
   -0.800000    -1.250000
   -0.790000    -1.265823
   -0.780000    -1.282051
   -0.770000    -1.298701
   -0.760000    -1.315789
   -0.750000    -1.333333
   -0.740000    -1.351351
   -0.730000    -1.369863
   -0.720000    -1.388889
   -0.710000    -1.408451
   -0.700000    -1.428571
   -0.690000    -1.449275
   -0.680000    -1.470588
   -0.670000    -1.492537
   -0.660000    -1.515152
   -0.650000    -1.538462
   -0.640000    -1.562500
   -0.630000    -1.587302
   -0.620000    -1.612903
   -0.610000    -1.639344
   -0.600000    -1.666667
   -0.590000    -1.694915
   -0.580000    -1.724138
   -0.570000    -1.754386
   -0.560000    -1.785714
   -0.550000    -1.818182
   -0.540000    -1.851852
   -0.530000    -1.886792
   -0.520000    -1.923077
   -0.510000    -1.960784
   -0.500000    -2.000000
   -0.490000    -2.040816
   -0.480000    -2.083333
   -0.470000    -2.127660
   -0.460000    -2.173913
   -0.450000    -2.222222
   -0.440000    -2.272727
   -0.430000    -2.325581
   -0.420000    -2.380952
   -0.410000    -2.439024
   -0.400000    -2.500000
   -0.390000    -2.564103
   -0.380000    -2.631579
   -0.370000    -2.702703
   -0.360000    -2.777778
   -0.350000    -2.857143
   -0.340000    -2.941176
   -0.330000    -3.030303
   -0.320000    -3.125000
   -0.310000    -3.225806
   -0.300000    -3.333333
   -0.290000    -3.448276
   -0.280000    -3.571429
   -0.270000    -3.703704
   -0.260000    -3.846154
   -0.250000    -4.000000
   -0.240000    -4.166667
   -0.230000    -4.347826
   -0.220000    -4.545455
   -0.210000    -4.761905
   -0.200000    -5.000000
   -0.190000    -5.263158
   -0.180000    -5.555556
   -0.170000    -5.882353
   -0.160000    -6.250000
   -0.150000    -6.666667
   -0.140000    -7.142857
   -0.130000    -7.692308
   -0.120000    -8.333333
   -0.110000    -9.090909
   -0.100000   -10.000000
