   -1.970000    -8.396306
   -1.960000    -6.313131
   -1.950000    -5.063291
   -1.940000    -4.230118
   -1.930000    -3.635042
   -1.920000    -3.188776
   -1.910000    -2.841716
   -1.900000    -2.564103
   -1.890000    -2.336995
   -1.880000    -2.147766
   -1.870000    -1.987676
   -1.860000    -1.850481
   -1.850000    -1.731602
   -1.840000    -1.627604
   -1.830000    -1.535862
   -1.820000    -1.454334
   -1.810000    -1.381406
   -1.800000    -1.315789
   -1.790000    -1.256439
   -1.780000    -1.202501
   -1.770000    -1.153270
   -1.760000    -1.108156
   -1.750000    -1.066667
   -1.740000    -1.028383
   -1.730000    -0.992950
   -1.720000    -0.960061
   -1.710000    -0.929454
   -1.700000    -0.900901
   -1.690000    -0.874202
   -1.680000    -0.849185
   -1.670000    -0.825696
   -1.660000    -0.803600
   -1.650000    -0.782779
   -1.640000    -0.763126
   -1.630000    -0.744546
   -1.620000    -0.726956
   -1.610000    -0.710278
   -1.600000    -0.694444
   -1.590000    -0.679394
   -1.580000    -0.665070
   -1.570000    -0.651423
   -1.560000    -0.638407
   -1.550000    -0.625978
   -1.540000    -0.614100
   -1.530000    -0.602736
   -1.520000    -0.591856
   -1.510000    -0.581429
   -1.500000    -0.571429
   -1.490000    -0.561829
   -1.480000    -0.552608
   -1.470000    -0.543744
   -1.460000    -0.535217
   -1.450000    -0.527009
   -1.440000    -0.519103
   -1.430000    -0.511483
   -1.420000    -0.504134
   -1.410000    -0.497043
   -1.400000    -0.490196
   -1.390000    -0.483582
   -1.380000    -0.477190
   -1.370000    -0.471009
   -1.360000    -0.465030
   -1.350000    -0.459242
   -1.340000    -0.453638
   -1.330000    -0.448209
   -1.320000    -0.442948
   -1.310000    -0.437848
   -1.300000    -0.432900
   -1.290000    -0.428101
   -1.280000    -0.423442
   -1.270000    -0.418918
   -1.260000    -0.414525
   -1.250000    -0.410256
   -1.240000    -0.406108
   -1.230000    -0.402075
   -1.220000    -0.398153
   -1.210000    -0.394337
   -1.200000    -0.390625
   -1.190000    -0.387012
   -1.180000    -0.383494
   -1.170000    -0.380069
   -1.160000    -0.376733
   -1.150000    -0.373483
   -1.140000    -0.370316
   -1.130000    -0.367229
   -1.120000    -0.364219
   -1.110000    -0.361285
   -1.100000    -0.358423
   -1.090000    -0.355631
   -1.080000    -0.352908
   -1.070000    -0.350250
   -1.060000    -0.347657
   -1.050000    -0.345125
   -1.040000    -0.342654
   -1.030000    -0.340240
   -1.020000    -0.337883
   -1.010000    -0.335582
   -1.000000    -0.333333
   -0.990000    -0.331137
   -0.980000    -0.328991
   -0.970000    -0.326894
   -0.960000    -0.324844
   -0.950000    -0.322841
   -0.940000    -0.320883
   -0.930000    -0.318969
   -0.920000    -0.317098
   -0.910000    -0.315268
   -0.900000    -0.313480
   -0.890000    -0.311730
   -0.880000    -0.310020
   -0.870000    -0.308347
   -0.860000    -0.306711
   -0.850000    -0.305111
   -0.840000    -0.303545
   -0.830000    -0.302014
   -0.820000    -0.300517
   -0.810000    -0.299052
   -0.800000    -0.297619
   -0.790000    -0.296217
   -0.780000    -0.294846
   -0.770000    -0.293505
   -0.760000    -0.292193
   -0.750000    -0.290909
   -0.740000    -0.289654
   -0.730000    -0.288425
   -0.720000    -0.287224
   -0.710000    -0.286049
   -0.700000    -0.284900
   -0.690000    -0.283776
   -0.680000    -0.282678
   -0.670000    -0.281603
   -0.660000    -0.280552
   -0.650000    -0.279525
   -0.640000    -0.278520
   -0.630000    -0.277539
   -0.620000    -0.276579
   -0.610000    -0.275642
   -0.600000    -0.274725
   -0.590000    -0.273830
   -0.580000    -0.272956
   -0.570000    -0.272101
   -0.560000    -0.271267
   -0.550000    -0.270453
   -0.540000    -0.269658
   -0.530000    -0.268882
   -0.520000    -0.268125
   -0.510000    -0.267387
   -0.500000    -0.266667
   -0.490000    -0.265965
   -0.480000    -0.265280
   -0.470000    -0.264613
   -0.460000    -0.263964
   -0.450000    -0.263331
   -0.440000    -0.262715
   -0.430000    -0.262116
   -0.420000    -0.261534
   -0.410000    -0.260967
   -0.400000    -0.260417
   -0.390000    -0.259882
   -0.380000    -0.259363
   -0.370000    -0.258859
   -0.360000    -0.258371
   -0.350000    -0.257898
   -0.340000    -0.257440
   -0.330000    -0.256997
   -0.320000    -0.256568
   -0.310000    -0.256154
   -0.300000    -0.255754
   -0.290000    -0.255369
   -0.280000    -0.254998
   -0.270000    -0.254641
   -0.260000    -0.254298
   -0.250000    -0.253968
   -0.240000    -0.253653
   -0.230000    -0.253351
   -0.220000    -0.253062
   -0.210000    -0.252787
   -0.200000    -0.252525
   -0.190000    -0.252277
   -0.180000    -0.252042
   -0.170000    -0.251819
   -0.160000    -0.251610
   -0.150000    -0.251414
   -0.140000    -0.251231
   -0.130000    -0.251061
   -0.120000    -0.250903
   -0.110000    -0.250759
   -0.100000    -0.250627
   -0.090000    -0.250507
   -0.080000    -0.250401
   -0.070000    -0.250307
   -0.060000    -0.250225
   -0.050000    -0.250156
   -0.040000    -0.250100
   -0.030000    -0.250056
   -0.020000    -0.250025
   -0.010000    -0.250006
    0.000000    -0.250000
    0.010000    -0.250006
    0.020000    -0.250025
    0.030000    -0.250056
    0.040000    -0.250100
    0.050000    -0.250156
    0.060000    -0.250225
    0.070000    -0.250307
    0.080000    -0.250401
    0.090000    -0.250507
    0.100000    -0.250627
    0.110000    -0.250759
    0.120000    -0.250903
    0.130000    -0.251061
    0.140000    -0.251231
    0.150000    -0.251414
    0.160000    -0.251610
    0.170000    -0.251819
    0.180000    -0.252042
    0.190000    -0.252277
    0.200000    -0.252525
    0.210000    -0.252787
    0.220000    -0.253062
    0.230000    -0.253351
    0.240000    -0.253653
    0.250000    -0.253968
    0.260000    -0.254298
    0.270000    -0.254641
    0.280000    -0.254998
    0.290000    -0.255369
    0.300000    -0.255754
    0.310000    -0.256154
    0.320000    -0.256568
    0.330000    -0.256997
    0.340000    -0.257440
    0.350000    -0.257898
    0.360000    -0.258371
    0.370000    -0.258859
    0.380000    -0.259363
    0.390000    -0.259882
    0.400000    -0.260417
    0.410000    -0.260967
    0.420000    -0.261534
    0.430000    -0.262116
    0.440000    -0.262715
    0.450000    -0.263331
    0.460000    -0.263964
    0.470000    -0.264613
    0.480000    -0.265280
    0.490000    -0.265965
    0.500000    -0.266667
    0.510000    -0.267387
    0.520000    -0.268125
    0.530000    -0.268882
    0.540000    -0.269658
    0.550000    -0.270453
    0.560000    -0.271267
    0.570000    -0.272101
    0.580000    -0.272956
    0.590000    -0.273830
    0.600000    -0.274725
    0.610000    -0.275642
    0.620000    -0.276579
    0.630000    -0.277539
    0.640000    -0.278520
    0.650000    -0.279525
    0.660000    -0.280552
    0.670000    -0.281603
    0.680000    -0.282678
    0.690000    -0.283776
    0.700000    -0.284900
    0.710000    -0.286049
    0.720000    -0.287224
    0.730000    -0.288425
    0.740000    -0.289654
    0.750000    -0.290909
    0.760000    -0.292193
    0.770000    -0.293505
    0.780000    -0.294846
    0.790000    -0.296217
    0.800000    -0.297619
    0.810000    -0.299052
    0.820000    -0.300517
    0.830000    -0.302014
    0.840000    -0.303545
    0.850000    -0.305111
    0.860000    -0.306711
    0.870000    -0.308347
    0.880000    -0.310020
    0.890000    -0.311730
    0.900000    -0.313480
    0.910000    -0.315268
    0.920000    -0.317098
    0.930000    -0.318969
    0.940000    -0.320883
    0.950000    -0.322841
    0.960000    -0.324844
    0.970000    -0.326894
    0.980000    -0.328991
    0.990000    -0.331137
    1.000000    -0.333333
    1.010000    -0.335582
    1.020000    -0.337883
    1.030000    -0.340240
    1.040000    -0.342654
    1.050000    -0.345125
    1.060000    -0.347657
    1.070000    -0.350250
    1.080000    -0.352908
    1.090000    -0.355631
    1.100000    -0.358423
    1.110000    -0.361285
    1.120000    -0.364219
    1.130000    -0.367229
    1.140000    -0.370316
    1.150000    -0.373483
    1.160000    -0.376733
    1.170000    -0.380069
    1.180000    -0.383494
    1.190000    -0.387012
    1.200000    -0.390625
    1.210000    -0.394337
    1.220000    -0.398153
    1.230000    -0.402075
    1.240000    -0.406108
    1.250000    -0.410256
    1.260000    -0.414525
    1.270000    -0.418918
    1.280000    -0.423442
    1.290000    -0.428101
    1.300000    -0.432900
    1.310000    -0.437848
    1.320000    -0.442948
    1.330000    -0.448209
    1.340000    -0.453638
    1.350000    -0.459242
    1.360000    -0.465030
    1.370000    -0.471009
    1.380000    -0.477190
    1.390000    -0.483582
    1.400000    -0.490196
    1.410000    -0.497043
    1.420000    -0.504134
    1.430000    -0.511483
    1.440000    -0.519103
    1.450000    -0.527009
    1.460000    -0.535217
    1.470000    -0.543744
    1.480000    -0.552608
    1.490000    -0.561829
    1.500000    -0.571429
    1.510000    -0.581429
    1.520000    -0.591856
    1.530000    -0.602736
    1.540000    -0.614100
    1.550000    -0.625978
    1.560000    -0.638407
    1.570000    -0.651423
    1.580000    -0.665070
    1.590000    -0.679394
    1.600000    -0.694444
    1.610000    -0.710278
    1.620000    -0.726956
    1.630000    -0.744546
    1.640000    -0.763126
    1.650000    -0.782779
    1.660000    -0.803600
    1.670000    -0.825696
    1.680000    -0.849185
    1.690000    -0.874202
    1.700000    -0.900901
    1.710000    -0.929454
    1.720000    -0.960061
    1.730000    -0.992950
    1.740000    -1.028383
    1.750000    -1.066667
    1.760000    -1.108156
    1.770000    -1.153270
    1.780000    -1.202501
    1.790000    -1.256439
    1.800000    -1.315789
    1.810000    -1.381406
    1.820000    -1.454334
    1.830000    -1.535862
    1.840000    -1.627604
    1.850000    -1.731602
    1.860000    -1.850481
    1.870000    -1.987676
    1.880000    -2.147766
    1.890000    -2.336995
    1.900000    -2.564103
    1.910000    -2.841716
    1.920000    -3.188776
    1.930000    -3.635042
    1.940000    -4.230118
    1.950000    -5.063291
    1.960000    -6.313131
    1.970000    -8.396306
