   -5.180000    -9.898658
   -5.170000    -9.787928
   -5.160000    -9.677824
   -5.150000    -9.568344
   -5.140000    -9.459486
   -5.130000    -9.351249
   -5.120000    -9.243632
   -5.110000    -9.136633
   -5.100000    -9.030250
   -5.090000    -8.924482
   -5.080000    -8.819328
   -5.070000    -8.714786
   -5.060000    -8.610854
   -5.050000    -8.507531
   -5.040000    -8.404816
   -5.030000    -8.302707
   -5.020000    -8.201202
   -5.010000    -8.100300
   -5.000000    -8.000000
   -4.990000    -7.900300
   -4.980000    -7.801198
   -4.970000    -7.702693
   -4.960000    -7.604784
   -4.950000    -7.507469
   -4.940000    -7.410746
   -4.930000    -7.314614
   -4.920000    -7.219072
   -4.910000    -7.124118
   -4.900000    -7.029750
   -4.890000    -6.935967
   -4.880000    -6.842768
   -4.870000    -6.750151
   -4.860000    -6.658114
   -4.850000    -6.566656
   -4.840000    -6.475776
   -4.830000    -6.385472
   -4.820000    -6.295742
   -4.810000    -6.206585
   -4.800000    -6.118000
   -4.790000    -6.029985
   -4.780000    -5.942538
   -4.770000    -5.855658
   -4.760000    -5.769344
   -4.750000    -5.683594
   -4.740000    -5.598406
   -4.730000    -5.513779
   -4.720000    -5.429712
   -4.710000    -5.346203
   -4.700000    -5.263250
   -4.690000    -5.180852
   -4.680000    -5.099008
   -4.670000    -5.017716
   -4.660000    -4.936974
   -4.650000    -4.856781
   -4.640000    -4.777136
   -4.630000    -4.698037
   -4.620000    -4.619482
   -4.610000    -4.541470
   -4.600000    -4.464000
   -4.590000    -4.387070
   -4.580000    -4.310678
   -4.570000    -4.234823
   -4.560000    -4.159504
   -4.550000    -4.084719
   -4.540000    -4.010466
   -4.530000    -3.936744
   -4.520000    -3.863552
   -4.510000    -3.790888
   -4.500000    -3.718750
   -4.490000    -3.647137
   -4.480000    -3.576048
   -4.470000    -3.505481
   -4.460000    -3.435434
   -4.450000    -3.365906
   -4.440000    -3.296896
   -4.430000    -3.228402
   -4.420000    -3.160422
   -4.410000    -3.092955
   -4.400000    -3.026000
   -4.390000    -2.959555
   -4.380000    -2.893618
   -4.370000    -2.828188
   -4.360000    -2.763264
   -4.350000    -2.698844
   -4.340000    -2.634926
   -4.330000    -2.571509
   -4.320000    -2.508592
   -4.310000    -2.446173
   -4.300000    -2.384250
   -4.290000    -2.322822
   -4.280000    -2.261888
   -4.270000    -2.201446
   -4.260000    -2.141494
   -4.250000    -2.082031
   -4.240000    -2.023056
   -4.230000    -1.964567
   -4.220000    -1.906562
   -4.210000    -1.849040
   -4.200000    -1.792000
   -4.190000    -1.735440
   -4.180000    -1.679358
   -4.170000    -1.623753
   -4.160000    -1.568624
   -4.150000    -1.513969
   -4.140000    -1.459786
   -4.130000    -1.406074
   -4.120000    -1.352832
   -4.110000    -1.300058
   -4.100000    -1.247750
   -4.090000    -1.195907
   -4.080000    -1.144528
   -4.070000    -1.093611
   -4.060000    -1.043154
   -4.050000    -0.993156
   -4.040000    -0.943616
   -4.030000    -0.894532
   -4.020000    -0.845902
   -4.010000    -0.797725
   -4.000000    -0.750000
   -3.990000    -0.702725
   -3.980000    -0.655898
   -3.970000    -0.609518
   -3.960000    -0.563584
   -3.950000    -0.518094
   -3.940000    -0.473046
   -3.930000    -0.428439
   -3.920000    -0.384272
   -3.910000    -0.340543
   -3.900000    -0.297250
   -3.890000    -0.254392
   -3.880000    -0.211968
   -3.870000    -0.169976
   -3.860000    -0.128414
   -3.850000    -0.087281
   -3.840000    -0.046576
   -3.830000    -0.006297
   -3.820000     0.033558
   -3.810000     0.072990
   -3.800000     0.112000
   -3.790000     0.150590
   -3.780000     0.188762
   -3.770000     0.226517
   -3.760000     0.263856
   -3.750000     0.300781
   -3.740000     0.337294
   -3.730000     0.373396
   -3.720000     0.409088
   -3.710000     0.444372
   -3.700000     0.479250
   -3.690000     0.513723
   -3.680000     0.547792
   -3.670000     0.581459
   -3.660000     0.614726
   -3.650000     0.647594
   -3.640000     0.680064
   -3.630000     0.712138
   -3.620000     0.743818
   -3.610000     0.775105
   -3.600000     0.806000
   -3.590000     0.836505
   -3.580000     0.866622
   -3.570000     0.896352
   -3.560000     0.925696
   -3.550000     0.954656
   -3.540000     0.983234
   -3.530000     1.011431
   -3.520000     1.039248
   -3.510000     1.066687
   -3.500000     1.093750
   -3.490000     1.120438
   -3.480000     1.146752
   -3.470000     1.172694
   -3.460000     1.198266
   -3.450000     1.223469
   -3.440000     1.248304
   -3.430000     1.272773
   -3.420000     1.296878
   -3.410000     1.320620
   -3.400000     1.344000
   -3.390000     1.367020
   -3.380000     1.389682
   -3.370000     1.411987
   -3.360000     1.433936
   -3.350000     1.455531
   -3.340000     1.476774
   -3.330000     1.497666
   -3.320000     1.518208
   -3.310000     1.538402
   -3.300000     1.558250
   -3.290000     1.577753
   -3.280000     1.596912
   -3.270000     1.615729
   -3.260000     1.634206
   -3.250000     1.652344
   -3.240000     1.670144
   -3.230000     1.687608
   -3.220000     1.704738
   -3.210000     1.721535
   -3.200000     1.738000
   -3.190000     1.754135
   -3.180000     1.769942
   -3.170000     1.785422
   -3.160000     1.800576
   -3.150000     1.815406
   -3.140000     1.829914
   -3.130000     1.844101
   -3.120000     1.857968
   -3.110000     1.871517
   -3.100000     1.884750
   -3.090000     1.897668
   -3.080000     1.910272
   -3.070000     1.922564
   -3.060000     1.934546
   -3.050000     1.946219
   -3.040000     1.957584
   -3.030000     1.968643
   -3.020000     1.979398
   -3.010000     1.989850
   -3.000000     2.000000
   -2.990000     2.009850
   -2.980000     2.019402
   -2.970000     2.028657
   -2.960000     2.037616
   -2.950000     2.046281
   -2.940000     2.054654
   -2.930000     2.062736
   -2.920000     2.070528
   -2.910000     2.078032
   -2.900000     2.085250
   -2.890000     2.092183
   -2.880000     2.098832
   -2.870000     2.105199
   -2.860000     2.111286
   -2.850000     2.117094
   -2.840000     2.122624
   -2.830000     2.127878
   -2.820000     2.132858
   -2.810000     2.137565
   -2.800000     2.142000
   -2.790000     2.146165
   -2.780000     2.150062
   -2.770000     2.153692
   -2.760000     2.157056
   -2.750000     2.160156
   -2.740000     2.162994
   -2.730000     2.165571
   -2.720000     2.167888
   -2.710000     2.169947
   -2.700000     2.171750
   -2.690000     2.173298
   -2.680000     2.174592
   -2.670000     2.175634
   -2.660000     2.176426
   -2.650000     2.176969
   -2.640000     2.177264
   -2.630000     2.177313
   -2.620000     2.177118
   -2.610000     2.176680
   -2.600000     2.176000
   -2.590000     2.175080
   -2.580000     2.173922
   -2.570000     2.172527
   -2.560000     2.170896
   -2.550000     2.169031
   -2.540000     2.166934
   -2.530000     2.164606
   -2.520000     2.162048
   -2.510000     2.159262
   -2.500000     2.156250
   -2.490000     2.153013
   -2.480000     2.149552
   -2.470000     2.145869
   -2.460000     2.141966
   -2.450000     2.137844
   -2.440000     2.133504
   -2.430000     2.128948
   -2.420000     2.124178
   -2.410000     2.119195
   -2.400000     2.114000
   -2.390000     2.108595
   -2.380000     2.102982
   -2.370000     2.097162
   -2.360000     2.091136
   -2.350000     2.084906
   -2.340000     2.078474
   -2.330000     2.071841
   -2.320000     2.065008
   -2.310000     2.057977
   -2.300000     2.050750
   -2.290000     2.043328
   -2.280000     2.035712
   -2.270000     2.027904
   -2.260000     2.019906
   -2.250000     2.011719
   -2.240000     2.003344
   -2.230000     1.994783
   -2.220000     1.986038
   -2.210000     1.977110
   -2.200000     1.968000
   -2.190000     1.958710
   -2.180000     1.949242
   -2.170000     1.939597
   -2.160000     1.929776
   -2.150000     1.919781
   -2.140000     1.909614
   -2.130000     1.899276
   -2.120000     1.888768
   -2.110000     1.878092
   -2.100000     1.867250
   -2.090000     1.856243
   -2.080000     1.845072
   -2.070000     1.833739
   -2.060000     1.822246
   -2.050000     1.810594
   -2.040000     1.798784
   -2.030000     1.786818
   -2.020000     1.774698
   -2.010000     1.762425
   -2.000000     1.750000
   -1.990000     1.737425
   -1.980000     1.724702
   -1.970000     1.711832
   -1.960000     1.698816
   -1.950000     1.685656
   -1.940000     1.672354
   -1.930000     1.658911
   -1.920000     1.645328
   -1.910000     1.631607
   -1.900000     1.617750
   -1.890000     1.603758
   -1.880000     1.589632
   -1.870000     1.575374
   -1.860000     1.560986
   -1.850000     1.546469
   -1.840000     1.531824
   -1.830000     1.517053
   -1.820000     1.502158
   -1.810000     1.487140
   -1.800000     1.472000
   -1.790000     1.456740
   -1.780000     1.441362
   -1.770000     1.425867
   -1.760000     1.410256
   -1.750000     1.394531
   -1.740000     1.378694
   -1.730000     1.362746
   -1.720000     1.346688
   -1.710000     1.330522
   -1.700000     1.314250
   -1.690000     1.297873
   -1.680000     1.281392
   -1.670000     1.264809
   -1.660000     1.248126
   -1.650000     1.231344
   -1.640000     1.214464
   -1.630000     1.197488
   -1.620000     1.180418
   -1.610000     1.163255
   -1.600000     1.146000
   -1.590000     1.128655
   -1.580000     1.111222
   -1.570000     1.093702
   -1.560000     1.076096
   -1.550000     1.058406
   -1.540000     1.040634
   -1.530000     1.022781
   -1.520000     1.004848
   -1.510000     0.986837
   -1.500000     0.968750
   -1.490000     0.950588
   -1.480000     0.932352
   -1.470000     0.914044
   -1.460000     0.895666
   -1.450000     0.877219
   -1.440000     0.858704
   -1.430000     0.840123
   -1.420000     0.821478
   -1.410000     0.802770
   -1.400000     0.784000
   -1.390000     0.765170
   -1.380000     0.746282
   -1.370000     0.727337
   -1.360000     0.708336
   -1.350000     0.689281
   -1.340000     0.670174
   -1.330000     0.651016
   -1.320000     0.631808
   -1.310000     0.612552
   -1.300000     0.593250
   -1.290000     0.573903
   -1.280000     0.554512
   -1.270000     0.535079
   -1.260000     0.515606
   -1.250000     0.496094
   -1.240000     0.476544
   -1.230000     0.456958
   -1.220000     0.437338
   -1.210000     0.417685
   -1.200000     0.398000
   -1.190000     0.378285
   -1.180000     0.358542
   -1.170000     0.338772
   -1.160000     0.318976
   -1.150000     0.299156
   -1.140000     0.279314
   -1.130000     0.259451
   -1.120000     0.239568
   -1.110000     0.219667
   -1.100000     0.199750
   -1.090000     0.179818
   -1.080000     0.159872
   -1.070000     0.139914
   -1.060000     0.119946
   -1.050000     0.099969
   -1.040000     0.079984
   -1.030000     0.059993
   -1.020000     0.039998
   -1.010000     0.020000
   -1.000000    -0.000000
   -0.990000    -0.020000
   -0.980000    -0.039998
   -0.970000    -0.059993
   -0.960000    -0.079984
   -0.950000    -0.099969
   -0.940000    -0.119946
   -0.930000    -0.139914
   -0.920000    -0.159872
   -0.910000    -0.179818
   -0.900000    -0.199750
   -0.890000    -0.219667
   -0.880000    -0.239568
   -0.870000    -0.259451
   -0.860000    -0.279314
   -0.850000    -0.299156
   -0.840000    -0.318976
   -0.830000    -0.338772
   -0.820000    -0.358542
   -0.810000    -0.378285
   -0.800000    -0.398000
   -0.790000    -0.417685
   -0.780000    -0.437338
   -0.770000    -0.456958
   -0.760000    -0.476544
   -0.750000    -0.496094
   -0.740000    -0.515606
   -0.730000    -0.535079
   -0.720000    -0.554512
   -0.710000    -0.573903
   -0.700000    -0.593250
   -0.690000    -0.612552
   -0.680000    -0.631808
   -0.670000    -0.651016
   -0.660000    -0.670174
   -0.650000    -0.689281
   -0.640000    -0.708336
   -0.630000    -0.727337
   -0.620000    -0.746282
   -0.610000    -0.765170
   -0.600000    -0.784000
   -0.590000    -0.802770
   -0.580000    -0.821478
   -0.570000    -0.840123
   -0.560000    -0.858704
   -0.550000    -0.877219
   -0.540000    -0.895666
   -0.530000    -0.914044
   -0.520000    -0.932352
   -0.510000    -0.950588
   -0.500000    -0.968750
   -0.490000    -0.986837
   -0.480000    -1.004848
   -0.470000    -1.022781
   -0.460000    -1.040634
   -0.450000    -1.058406
   -0.440000    -1.076096
   -0.430000    -1.093702
   -0.420000    -1.111222
   -0.410000    -1.128655
   -0.400000    -1.146000
   -0.390000    -1.163255
   -0.380000    -1.180418
   -0.370000    -1.197488
   -0.360000    -1.214464
   -0.350000    -1.231344
   -0.340000    -1.248126
   -0.330000    -1.264809
   -0.320000    -1.281392
   -0.310000    -1.297873
   -0.300000    -1.314250
   -0.290000    -1.330522
   -0.280000    -1.346688
   -0.270000    -1.362746
   -0.260000    -1.378694
   -0.250000    -1.394531
   -0.240000    -1.410256
   -0.230000    -1.425867
   -0.220000    -1.441362
   -0.210000    -1.456740
   -0.200000    -1.472000
   -0.190000    -1.487140
   -0.180000    -1.502158
   -0.170000    -1.517053
   -0.160000    -1.531824
   -0.150000    -1.546469
   -0.140000    -1.560986
   -0.130000    -1.575374
   -0.120000    -1.589632
   -0.110000    -1.603758
   -0.100000    -1.617750
   -0.090000    -1.631607
   -0.080000    -1.645328
   -0.070000    -1.658911
   -0.060000    -1.672354
   -0.050000    -1.685656
   -0.040000    -1.698816
   -0.030000    -1.711832
   -0.020000    -1.724702
   -0.010000    -1.737425
    0.000000    -1.750000
    0.010000    -1.762425
    0.020000    -1.774698
    0.030000    -1.786818
    0.040000    -1.798784
    0.050000    -1.810594
    0.060000    -1.822246
    0.070000    -1.833739
    0.080000    -1.845072
    0.090000    -1.856243
    0.100000    -1.867250
    0.110000    -1.878092
    0.120000    -1.888768
    0.130000    -1.899276
    0.140000    -1.909614
    0.150000    -1.919781
    0.160000    -1.929776
    0.170000    -1.939597
    0.180000    -1.949242
    0.190000    -1.958710
    0.200000    -1.968000
    0.210000    -1.977110
    0.220000    -1.986038
    0.230000    -1.994783
    0.240000    -2.003344
    0.250000    -2.011719
    0.260000    -2.019906
    0.270000    -2.027904
    0.280000    -2.035712
    0.290000    -2.043328
    0.300000    -2.050750
    0.310000    -2.057977
    0.320000    -2.065008
    0.330000    -2.071841
    0.340000    -2.078474
    0.350000    -2.084906
    0.360000    -2.091136
    0.370000    -2.097162
    0.380000    -2.102982
    0.390000    -2.108595
    0.400000    -2.114000
    0.410000    -2.119195
    0.420000    -2.124178
    0.430000    -2.128948
    0.440000    -2.133504
    0.450000    -2.137844
    0.460000    -2.141966
    0.470000    -2.145869
    0.480000    -2.149552
    0.490000    -2.153013
    0.500000    -2.156250
    0.510000    -2.159262
    0.520000    -2.162048
    0.530000    -2.164606
    0.540000    -2.166934
    0.550000    -2.169031
    0.560000    -2.170896
    0.570000    -2.172527
    0.580000    -2.173922
    0.590000    -2.175080
    0.600000    -2.176000
    0.610000    -2.176680
    0.620000    -2.177118
    0.630000    -2.177313
    0.640000    -2.177264
    0.650000    -2.176969
    0.660000    -2.176426
    0.670000    -2.175634
    0.680000    -2.174592
    0.690000    -2.173298
    0.700000    -2.171750
    0.710000    -2.169947
    0.720000    -2.167888
    0.730000    -2.165571
    0.740000    -2.162994
    0.750000    -2.160156
    0.760000    -2.157056
    0.770000    -2.153692
    0.780000    -2.150062
    0.790000    -2.146165
    0.800000    -2.142000
    0.810000    -2.137565
    0.820000    -2.132858
    0.830000    -2.127878
    0.840000    -2.122624
    0.850000    -2.117094
    0.860000    -2.111286
    0.870000    -2.105199
    0.880000    -2.098832
    0.890000    -2.092183
    0.900000    -2.085250
    0.910000    -2.078032
    0.920000    -2.070528
    0.930000    -2.062736
    0.940000    -2.054654
    0.950000    -2.046281
    0.960000    -2.037616
    0.970000    -2.028657
    0.980000    -2.019402
    0.990000    -2.009850
    1.000000    -2.000000
    1.010000    -1.989850
    1.020000    -1.979398
    1.030000    -1.968643
    1.040000    -1.957584
    1.050000    -1.946219
    1.060000    -1.934546
    1.070000    -1.922564
    1.080000    -1.910272
    1.090000    -1.897668
    1.100000    -1.884750
    1.110000    -1.871517
    1.120000    -1.857968
    1.130000    -1.844101
    1.140000    -1.829914
    1.150000    -1.815406
    1.160000    -1.800576
    1.170000    -1.785422
    1.180000    -1.769942
    1.190000    -1.754135
    1.200000    -1.738000
    1.210000    -1.721535
    1.220000    -1.704738
    1.230000    -1.687608
    1.240000    -1.670144
    1.250000    -1.652344
    1.260000    -1.634206
    1.270000    -1.615729
    1.280000    -1.596912
    1.290000    -1.577753
    1.300000    -1.558250
    1.310000    -1.538402
    1.320000    -1.518208
    1.330000    -1.497666
    1.340000    -1.476774
    1.350000    -1.455531
    1.360000    -1.433936
    1.370000    -1.411987
    1.380000    -1.389682
    1.390000    -1.367020
    1.400000    -1.344000
    1.410000    -1.320620
    1.420000    -1.296878
    1.430000    -1.272773
    1.440000    -1.248304
    1.450000    -1.223469
    1.460000    -1.198266
    1.470000    -1.172694
    1.480000    -1.146752
    1.490000    -1.120438
    1.500000    -1.093750
    1.510000    -1.066687
    1.520000    -1.039248
    1.530000    -1.011431
    1.540000    -0.983234
    1.550000    -0.954656
    1.560000    -0.925696
    1.570000    -0.896352
    1.580000    -0.866622
    1.590000    -0.836505
    1.600000    -0.806000
    1.610000    -0.775105
    1.620000    -0.743818
    1.630000    -0.712138
    1.640000    -0.680064
    1.650000    -0.647594
    1.660000    -0.614726
    1.670000    -0.581459
    1.680000    -0.547792
    1.690000    -0.513723
    1.700000    -0.479250
    1.710000    -0.444372
    1.720000    -0.409088
    1.730000    -0.373396
    1.740000    -0.337294
    1.750000    -0.300781
    1.760000    -0.263856
    1.770000    -0.226517
    1.780000    -0.188762
    1.790000    -0.150590
    1.800000    -0.112000
    1.810000    -0.072990
    1.820000    -0.033558
    1.830000     0.006297
    1.840000     0.046576
    1.850000     0.087281
    1.860000     0.128414
    1.870000     0.169976
    1.880000     0.211968
    1.890000     0.254392
    1.900000     0.297250
    1.910000     0.340543
    1.920000     0.384272
    1.930000     0.428439
    1.940000     0.473046
    1.950000     0.518094
    1.960000     0.563584
    1.970000     0.609518
    1.980000     0.655898
    1.990000     0.702725
    2.000000     0.750000
    2.010000     0.797725
    2.020000     0.845902
    2.030000     0.894532
    2.040000     0.943616
    2.050000     0.993156
    2.060000     1.043154
    2.070000     1.093611
    2.080000     1.144528
    2.090000     1.195907
    2.100000     1.247750
    2.110000     1.300058
    2.120000     1.352832
    2.130000     1.406074
    2.140000     1.459786
    2.150000     1.513969
    2.160000     1.568624
    2.170000     1.623753
    2.180000     1.679358
    2.190000     1.735440
    2.200000     1.792000
    2.210000     1.849040
    2.220000     1.906562
    2.230000     1.964567
    2.240000     2.023056
    2.250000     2.082031
    2.260000     2.141494
    2.270000     2.201446
    2.280000     2.261888
    2.290000     2.322822
    2.300000     2.384250
    2.310000     2.446173
    2.320000     2.508592
    2.330000     2.571509
    2.340000     2.634926
    2.350000     2.698844
    2.360000     2.763264
    2.370000     2.828188
    2.380000     2.893618
    2.390000     2.959555
    2.400000     3.026000
    2.410000     3.092955
    2.420000     3.160422
    2.430000     3.228402
    2.440000     3.296896
    2.450000     3.365906
    2.460000     3.435434
    2.470000     3.505481
    2.480000     3.576048
    2.490000     3.647137
    2.500000     3.718750
    2.510000     3.790888
    2.520000     3.863552
    2.530000     3.936744
    2.540000     4.010466
    2.550000     4.084719
    2.560000     4.159504
    2.570000     4.234823
    2.580000     4.310678
    2.590000     4.387070
    2.600000     4.464000
    2.610000     4.541470
    2.620000     4.619482
    2.630000     4.698037
    2.640000     4.777136
    2.650000     4.856781
    2.660000     4.936974
    2.670000     5.017716
    2.680000     5.099008
    2.690000     5.180852
    2.700000     5.263250
    2.710000     5.346203
    2.720000     5.429712
    2.730000     5.513779
    2.740000     5.598406
    2.750000     5.683594
    2.760000     5.769344
    2.770000     5.855658
    2.780000     5.942538
    2.790000     6.029985
    2.800000     6.118000
    2.810000     6.206585
    2.820000     6.295742
    2.830000     6.385472
    2.840000     6.475776
    2.850000     6.566656
    2.860000     6.658114
    2.870000     6.750151
    2.880000     6.842768
    2.890000     6.935967
    2.900000     7.029750
    2.910000     7.124118
    2.920000     7.219072
    2.930000     7.314614
    2.940000     7.410746
    2.950000     7.507469
    2.960000     7.604784
    2.970000     7.702693
    2.980000     7.801198
    2.990000     7.900300
    3.000000     8.000000
    3.010000     8.100300
    3.020000     8.201202
    3.030000     8.302707
    3.040000     8.404816
    3.050000     8.507531
    3.060000     8.610854
    3.070000     8.714786
    3.080000     8.819328
    3.090000     8.924482
    3.100000     9.030250
    3.110000     9.136633
    3.120000     9.243632
    3.130000     9.351249
    3.140000     9.459486
    3.150000     9.568344
    3.160000     9.677824
    3.170000     9.787928
    3.180000     9.898658
