   -4.700000     9.826865
   -4.690000     9.598173
   -4.680000     9.371934
   -4.670000     9.148135
   -4.660000     8.926759
   -4.650000     8.707795
   -4.640000     8.491227
   -4.630000     8.277041
   -4.620000     8.065224
   -4.610000     7.855762
   -4.600000     7.648640
   -4.590000     7.443845
   -4.580000     7.241363
   -4.570000     7.041180
   -4.560000     6.843283
   -4.550000     6.647657
   -4.540000     6.454289
   -4.530000     6.263166
   -4.520000     6.074273
   -4.510000     5.887597
   -4.500000     5.703125
   -4.490000     5.520843
   -4.480000     5.340737
   -4.470000     5.162794
   -4.460000     4.987001
   -4.450000     4.813345
   -4.440000     4.641811
   -4.430000     4.472387
   -4.420000     4.305059
   -4.410000     4.139815
   -4.400000     3.976640
   -4.390000     3.815522
   -4.380000     3.656448
   -4.370000     3.499405
   -4.360000     3.344379
   -4.350000     3.191357
   -4.340000     3.040327
   -4.330000     2.891276
   -4.320000     2.744190
   -4.310000     2.599058
   -4.300000     2.455865
   -4.290000     2.314599
   -4.280000     2.175248
   -4.270000     2.037799
   -4.260000     1.902239
   -4.250000     1.768555
   -4.240000     1.636734
   -4.230000     1.506765
   -4.220000     1.378635
   -4.210000     1.252331
   -4.200000     1.127840
   -4.190000     1.005151
   -4.180000     0.884250
   -4.170000     0.765126
   -4.160000     0.647766
   -4.150000     0.532157
   -4.140000     0.418288
   -4.130000     0.306147
   -4.120000     0.195721
   -4.110000     0.086997
   -4.100000    -0.020035
   -4.090000    -0.125389
   -4.080000    -0.229075
   -4.070000    -0.331108
   -4.060000    -0.431497
   -4.050000    -0.530255
   -4.040000    -0.627395
   -4.030000    -0.722927
   -4.020000    -0.816864
   -4.010000    -0.909218
   -4.000000    -1.000000
   -3.990000    -1.089222
   -3.980000    -1.176896
   -3.970000    -1.263033
   -3.960000    -1.347644
   -3.950000    -1.430743
   -3.940000    -1.512339
   -3.930000    -1.592445
   -3.920000    -1.671072
   -3.910000    -1.748232
   -3.900000    -1.823935
   -3.890000    -1.898193
   -3.880000    -1.971018
   -3.870000    -2.042421
   -3.860000    -2.112413
   -3.850000    -2.181005
   -3.840000    -2.248209
   -3.830000    -2.314035
   -3.820000    -2.378495
   -3.810000    -2.441600
   -3.800000    -2.503360
   -3.790000    -2.563787
   -3.780000    -2.622892
   -3.770000    -2.680686
   -3.760000    -2.737179
   -3.750000    -2.792383
   -3.740000    -2.846308
   -3.730000    -2.898965
   -3.720000    -2.950364
   -3.710000    -3.000518
   -3.700000    -3.049435
   -3.690000    -3.097127
   -3.680000    -3.143605
   -3.670000    -3.188878
   -3.660000    -3.232958
   -3.650000    -3.275855
   -3.640000    -3.317580
   -3.630000    -3.358142
   -3.620000    -3.397553
   -3.610000    -3.435822
   -3.600000    -3.472960
   -3.590000    -3.508977
   -3.580000    -3.543884
   -3.570000    -3.577690
   -3.560000    -3.610407
   -3.550000    -3.642043
   -3.540000    -3.672609
   -3.530000    -3.702115
   -3.520000    -3.730572
   -3.510000    -3.757988
   -3.500000    -3.784375
   -3.490000    -3.809742
   -3.480000    -3.834098
   -3.470000    -3.857454
   -3.460000    -3.879820
   -3.450000    -3.901205
   -3.440000    -3.921619
   -3.430000    -3.941072
   -3.420000    -3.959574
   -3.410000    -3.977133
   -3.400000    -3.993760
   -3.390000    -4.009464
   -3.380000    -4.024255
   -3.370000    -4.038142
   -3.360000    -4.051135
   -3.350000    -4.063243
   -3.340000    -4.074475
   -3.330000    -4.084841
   -3.320000    -4.094350
   -3.310000    -4.103012
   -3.300000    -4.110835
   -3.290000    -4.117829
   -3.280000    -4.124003
   -3.270000    -4.129366
   -3.260000    -4.133927
   -3.250000    -4.137695
   -3.240000    -4.140680
   -3.230000    -4.142890
   -3.220000    -4.144334
   -3.210000    -4.145021
   -3.200000    -4.144960
   -3.190000    -4.144160
   -3.180000    -4.142629
   -3.170000    -4.140377
   -3.160000    -4.137412
   -3.150000    -4.133743
   -3.140000    -4.129378
   -3.130000    -4.124326
   -3.120000    -4.118596
   -3.110000    -4.112196
   -3.100000    -4.105135
   -3.090000    -4.097421
   -3.080000    -4.089063
   -3.070000    -4.080068
   -3.060000    -4.070446
   -3.050000    -4.060205
   -3.040000    -4.049353
   -3.030000    -4.037898
   -3.020000    -4.025849
   -3.010000    -4.013214
   -3.000000    -4.000000
   -2.990000    -3.986216
   -2.980000    -3.971871
   -2.970000    -3.956971
   -2.960000    -3.941526
   -2.950000    -3.925543
   -2.940000    -3.909030
   -2.930000    -3.891994
   -2.920000    -3.874445
   -2.910000    -3.856389
   -2.900000    -3.837835
   -2.890000    -3.818790
   -2.880000    -3.799262
   -2.870000    -3.779258
   -2.860000    -3.758787
   -2.850000    -3.737855
   -2.840000    -3.716471
   -2.830000    -3.694642
   -2.820000    -3.672376
   -2.810000    -3.649679
   -2.800000    -3.626560
   -2.790000    -3.603026
   -2.780000    -3.579083
   -2.770000    -3.554741
   -2.760000    -3.530005
   -2.750000    -3.504883
   -2.740000    -3.479382
   -2.730000    -3.453510
   -2.720000    -3.427273
   -2.710000    -3.400679
   -2.700000    -3.373735
   -2.690000    -3.346448
   -2.680000    -3.318824
   -2.670000    -3.290871
   -2.660000    -3.262596
   -2.650000    -3.234005
   -2.640000    -3.205106
   -2.630000    -3.175905
   -2.620000    -3.146409
   -2.610000    -3.116625
   -2.600000    -3.086560
   -2.590000    -3.056220
   -2.580000    -3.025611
   -2.570000    -2.994741
   -2.560000    -2.963616
   -2.550000    -2.932243
   -2.540000    -2.900627
   -2.530000    -2.868777
   -2.520000    -2.836697
   -2.510000    -2.804394
   -2.500000    -2.771875
   -2.490000    -2.739146
   -2.480000    -2.706213
   -2.470000    -2.673083
   -2.460000    -2.639762
   -2.450000    -2.606255
   -2.440000    -2.572570
   -2.430000    -2.538712
   -2.420000    -2.504686
   -2.410000    -2.470501
   -2.400000    -2.436160
   -2.390000    -2.401671
   -2.380000    -2.367038
   -2.370000    -2.332269
   -2.360000    -2.297369
   -2.350000    -2.262343
   -2.340000    -2.227197
   -2.330000    -2.191938
   -2.320000    -2.156571
   -2.310000    -2.121101
   -2.300000    -2.085535
   -2.290000    -2.049877
   -2.280000    -2.014134
   -2.270000    -1.978311
   -2.260000    -1.942413
   -2.250000    -1.906445
   -2.240000    -1.870414
   -2.230000    -1.834325
   -2.220000    -1.798183
   -2.210000    -1.761993
   -2.200000    -1.725760
   -2.190000    -1.689490
   -2.180000    -1.653189
   -2.170000    -1.616860
   -2.160000    -1.580510
   -2.150000    -1.544143
   -2.140000    -1.507764
   -2.130000    -1.471379
   -2.120000    -1.434993
   -2.110000    -1.398610
   -2.100000    -1.362235
   -2.090000    -1.325873
   -2.080000    -1.289530
   -2.070000    -1.253209
   -2.060000    -1.216916
   -2.050000    -1.180655
   -2.040000    -1.144432
   -2.030000    -1.108250
   -2.020000    -1.072114
   -2.010000    -1.036029
   -2.000000    -1.000000
   -1.990000    -0.964031
   -1.980000    -0.928126
   -1.970000    -0.892290
   -1.960000    -0.856528
   -1.950000    -0.820843
   -1.940000    -0.785240
   -1.930000    -0.749724
   -1.920000    -0.714298
   -1.910000    -0.678967
   -1.900000    -0.643735
   -1.890000    -0.608606
   -1.880000    -0.573585
   -1.870000    -0.538675
   -1.860000    -0.503880
   -1.850000    -0.469205
   -1.840000    -0.434654
   -1.830000    -0.400229
   -1.820000    -0.365937
   -1.810000    -0.331779
   -1.800000    -0.297760
   -1.790000    -0.263884
   -1.780000    -0.230155
   -1.770000    -0.196575
   -1.760000    -0.163150
   -1.750000    -0.129883
   -1.740000    -0.096777
   -1.730000    -0.063835
   -1.720000    -0.031062
   -1.710000     0.001539
   -1.700000     0.033965
   -1.690000     0.066212
   -1.680000     0.098277
   -1.670000     0.130156
   -1.660000     0.161847
   -1.650000     0.193345
   -1.640000     0.224647
   -1.630000     0.255751
   -1.620000     0.286654
   -1.610000     0.317351
   -1.600000     0.347840
   -1.590000     0.378118
   -1.580000     0.408182
   -1.570000     0.438028
   -1.560000     0.467654
   -1.550000     0.497057
   -1.540000     0.526234
   -1.530000     0.555182
   -1.520000     0.583899
   -1.510000     0.612380
   -1.500000     0.640625
   -1.490000     0.668630
   -1.480000     0.696391
   -1.470000     0.723908
   -1.460000     0.751177
   -1.450000     0.778195
   -1.440000     0.804960
   -1.430000     0.831469
   -1.420000     0.857721
   -1.410000     0.883712
   -1.400000     0.909440
   -1.390000     0.934903
   -1.380000     0.960099
   -1.370000     0.985024
   -1.360000     1.009678
   -1.350000     1.034057
   -1.340000     1.058160
   -1.330000     1.081984
   -1.320000     1.105528
   -1.310000     1.128789
   -1.300000     1.151765
   -1.290000     1.174454
   -1.280000     1.196855
   -1.270000     1.218965
   -1.260000     1.240782
   -1.250000     1.262305
   -1.240000     1.283531
   -1.230000     1.304460
   -1.220000     1.325089
   -1.210000     1.345416
   -1.200000     1.365440
   -1.190000     1.385159
   -1.180000     1.404572
   -1.170000     1.423677
   -1.160000     1.442473
   -1.150000     1.460957
   -1.140000     1.479129
   -1.130000     1.496987
   -1.120000     1.514530
   -1.110000     1.531757
   -1.100000     1.548665
   -1.090000     1.565254
   -1.080000     1.581523
   -1.070000     1.597470
   -1.060000     1.613094
   -1.050000     1.628395
   -1.040000     1.643370
   -1.030000     1.658019
   -1.020000     1.672341
   -1.010000     1.686335
   -1.000000     1.700000
   -0.990000     1.713335
   -0.980000     1.726339
   -0.970000     1.739011
   -0.960000     1.751351
   -0.950000     1.763357
   -0.940000     1.775030
   -0.930000     1.786367
   -0.920000     1.797369
   -0.910000     1.808035
   -0.900000     1.818365
   -0.890000     1.828357
   -0.880000     1.838012
   -0.870000     1.847328
   -0.860000     1.856306
   -0.850000     1.864945
   -0.840000     1.873244
   -0.830000     1.881203
   -0.820000     1.888823
   -0.810000     1.896102
   -0.800000     1.903040
   -0.790000     1.909638
   -0.780000     1.915894
   -0.770000     1.921810
   -0.760000     1.927384
   -0.750000     1.932617
   -0.740000     1.937509
   -0.730000     1.942060
   -0.720000     1.946269
   -0.710000     1.950138
   -0.700000     1.953665
   -0.690000     1.956852
   -0.680000     1.959698
   -0.670000     1.962203
   -0.660000     1.964369
   -0.650000     1.966195
   -0.640000     1.967681
   -0.630000     1.968828
   -0.620000     1.969637
   -0.610000     1.970107
   -0.600000     1.970240
   -0.590000     1.970035
   -0.580000     1.969494
   -0.570000     1.968617
   -0.560000     1.967405
   -0.550000     1.965857
   -0.540000     1.963976
   -0.530000     1.961761
   -0.520000     1.959214
   -0.510000     1.956335
   -0.500000     1.953125
   -0.490000     1.949585
   -0.480000     1.945716
   -0.470000     1.941519
   -0.460000     1.936995
   -0.450000     1.932145
   -0.440000     1.926969
   -0.430000     1.921470
   -0.420000     1.915648
   -0.410000     1.909504
   -0.400000     1.903040
   -0.390000     1.896257
   -0.380000     1.889155
   -0.370000     1.881737
   -0.360000     1.874004
   -0.350000     1.865957
   -0.340000     1.857598
   -0.330000     1.848927
   -0.320000     1.839947
   -0.310000     1.830659
   -0.300000     1.821065
   -0.290000     1.811166
   -0.280000     1.800964
   -0.270000     1.790460
   -0.260000     1.779656
   -0.250000     1.768555
   -0.240000     1.757157
   -0.230000     1.745465
   -0.220000     1.733480
   -0.210000     1.721204
   -0.200000     1.708640
   -0.190000     1.695789
   -0.180000     1.682653
   -0.170000     1.669234
   -0.160000     1.655535
   -0.150000     1.641557
   -0.140000     1.627303
   -0.130000     1.612774
   -0.120000     1.597974
   -0.110000     1.582903
   -0.100000     1.567565
   -0.090000     1.551962
   -0.080000     1.536096
   -0.070000     1.519969
   -0.060000     1.503585
   -0.050000     1.486945
   -0.040000     1.470052
   -0.030000     1.452908
   -0.020000     1.435516
   -0.010000     1.417880
    0.000000     1.400000
    0.010000     1.381880
    0.020000     1.363524
    0.030000     1.344932
    0.040000     1.326109
    0.050000     1.307057
    0.060000     1.287779
    0.070000     1.268278
    0.080000     1.248557
    0.090000     1.228618
    0.100000     1.208465
    0.110000     1.188101
    0.120000     1.167529
    0.130000     1.146751
    0.140000     1.125772
    0.150000     1.104595
    0.160000     1.083222
    0.170000     1.061656
    0.180000     1.039902
    0.190000     1.017962
    0.200000     0.995840
    0.210000     0.973539
    0.220000     0.951063
    0.230000     0.928415
    0.240000     0.905598
    0.250000     0.882617
    0.260000     0.859475
    0.270000     0.836175
    0.280000     0.812720
    0.290000     0.789116
    0.300000     0.765365
    0.310000     0.741471
    0.320000     0.717438
    0.330000     0.693271
    0.340000     0.668971
    0.350000     0.644545
    0.360000     0.619995
    0.370000     0.595325
    0.380000     0.570540
    0.390000     0.545644
    0.400000     0.520640
    0.410000     0.495533
    0.420000     0.470327
    0.430000     0.445026
    0.440000     0.419635
    0.450000     0.394157
    0.460000     0.368597
    0.470000     0.342960
    0.480000     0.317249
    0.490000     0.291469
    0.500000     0.265625
    0.510000     0.239721
    0.520000     0.213761
    0.530000     0.187750
    0.540000     0.161693
    0.550000     0.135595
    0.560000     0.109459
    0.570000     0.083291
    0.580000     0.057095
    0.590000     0.030877
    0.600000     0.004640
    0.610000    -0.021610
    0.620000    -0.047868
    0.630000    -0.074129
    0.640000    -0.100389
    0.650000    -0.126643
    0.660000    -0.152885
    0.670000    -0.179110
    0.680000    -0.205314
    0.690000    -0.231490
    0.700000    -0.257635
    0.710000    -0.283743
    0.720000    -0.309808
    0.730000    -0.335825
    0.740000    -0.361789
    0.750000    -0.387695
    0.760000    -0.413538
    0.770000    -0.439311
    0.780000    -0.465009
    0.790000    -0.490627
    0.800000    -0.516160
    0.810000    -0.541601
    0.820000    -0.566946
    0.830000    -0.592188
    0.840000    -0.617322
    0.850000    -0.642343
    0.860000    -0.667244
    0.870000    -0.692019
    0.880000    -0.716663
    0.890000    -0.741171
    0.900000    -0.765535
    0.910000    -0.789751
    0.920000    -0.813811
    0.930000    -0.837712
    0.940000    -0.861445
    0.950000    -0.885005
    0.960000    -0.908387
    0.970000    -0.931583
    0.980000    -0.954588
    0.990000    -0.977396
    1.000000    -1.000000
    1.010000    -1.022394
    1.020000    -1.044572
    1.030000    -1.066527
    1.040000    -1.088252
    1.050000    -1.109743
    1.060000    -1.130991
    1.070000    -1.151991
    1.080000    -1.172736
    1.090000    -1.193220
    1.100000    -1.213435
    1.110000    -1.233375
    1.120000    -1.253034
    1.130000    -1.272405
    1.140000    -1.291481
    1.150000    -1.310255
    1.160000    -1.328721
    1.170000    -1.346871
    1.180000    -1.364699
    1.190000    -1.382198
    1.200000    -1.399360
    1.210000    -1.416179
    1.220000    -1.432648
    1.230000    -1.448760
    1.240000    -1.464507
    1.250000    -1.479883
    1.260000    -1.494880
    1.270000    -1.509491
    1.280000    -1.523708
    1.290000    -1.537526
    1.300000    -1.550935
    1.310000    -1.563929
    1.320000    -1.576501
    1.330000    -1.588642
    1.340000    -1.600346
    1.350000    -1.611605
    1.360000    -1.622412
    1.370000    -1.632758
    1.380000    -1.642637
    1.390000    -1.652040
    1.400000    -1.660960
    1.410000    -1.669389
    1.420000    -1.677320
    1.430000    -1.684744
    1.440000    -1.691655
    1.450000    -1.698043
    1.460000    -1.703901
    1.470000    -1.709221
    1.480000    -1.713996
    1.490000    -1.718216
    1.500000    -1.721875
    1.510000    -1.724964
    1.520000    -1.727474
    1.530000    -1.729398
    1.540000    -1.730728
    1.550000    -1.731455
    1.560000    -1.731571
    1.570000    -1.731068
    1.580000    -1.729938
    1.590000    -1.728171
    1.600000    -1.725760
    1.610000    -1.722696
    1.620000    -1.718971
    1.630000    -1.714576
    1.640000    -1.709503
    1.650000    -1.703743
    1.660000    -1.697287
    1.670000    -1.690127
    1.680000    -1.682254
    1.690000    -1.673660
    1.700000    -1.664335
    1.710000    -1.654271
    1.720000    -1.643459
    1.730000    -1.631890
    1.740000    -1.619555
    1.750000    -1.606445
    1.760000    -1.592552
    1.770000    -1.577866
    1.780000    -1.562378
    1.790000    -1.546079
    1.800000    -1.528960
    1.810000    -1.511012
    1.820000    -1.492225
    1.830000    -1.472591
    1.840000    -1.452100
    1.850000    -1.430743
    1.860000    -1.408510
    1.870000    -1.385392
    1.880000    -1.361380
    1.890000    -1.336464
    1.900000    -1.310635
    1.910000    -1.283883
    1.920000    -1.256199
    1.930000    -1.227572
    1.940000    -1.197994
    1.950000    -1.167455
    1.960000    -1.135945
    1.970000    -1.103454
    1.980000    -1.069973
    1.990000    -1.035492
    2.000000    -1.000000
    2.010000    -0.963488
    2.020000    -0.925947
    2.030000    -0.887365
    2.040000    -0.847734
    2.050000    -0.807043
    2.060000    -0.765282
    2.070000    -0.722440
    2.080000    -0.678509
    2.090000    -0.633477
    2.100000    -0.587335
    2.110000    -0.540072
    2.120000    -0.491678
    2.130000    -0.442142
    2.140000    -0.391455
    2.150000    -0.339605
    2.160000    -0.286583
    2.170000    -0.232378
    2.180000    -0.176980
    2.190000    -0.120377
    2.200000    -0.062560
    2.210000    -0.003518
    2.220000     0.056761
    2.230000     0.118285
    2.240000     0.181067
    2.250000     0.245117
    2.260000     0.310446
    2.270000     0.377064
    2.280000     0.444983
    2.290000     0.514213
    2.300000     0.584765
    2.310000     0.656650
    2.320000     0.729880
    2.330000     0.804465
    2.340000     0.880416
    2.350000     0.957745
    2.360000     1.036462
    2.370000     1.116579
    2.380000     1.198107
    2.390000     1.281057
    2.400000     1.365440
    2.410000     1.451268
    2.420000     1.538553
    2.430000     1.627305
    2.440000     1.717536
    2.450000     1.809257
    2.460000     1.902481
    2.470000     1.997217
    2.480000     2.093479
    2.490000     2.191278
    2.500000     2.290625
    2.510000     2.391532
    2.520000     2.494011
    2.530000     2.598073
    2.540000     2.703730
    2.550000     2.810995
    2.560000     2.919878
    2.570000     3.030392
    2.580000     3.142550
    2.590000     3.256361
    2.600000     3.371840
    2.610000     3.488997
    2.620000     3.607846
    2.630000     3.728397
    2.640000     3.850663
    2.650000     3.974657
    2.660000     4.100391
    2.670000     4.227876
    2.680000     4.357125
    2.690000     4.488151
    2.700000     4.620965
    2.710000     4.755581
    2.720000     4.892010
    2.730000     5.030265
    2.740000     5.170359
    2.750000     5.312305
    2.760000     5.456114
    2.770000     5.601799
    2.780000     5.749373
    2.790000     5.898849
    2.800000     6.050240
    2.810000     6.203558
    2.820000     6.358815
    2.830000     6.516026
    2.840000     6.675202
    2.850000     6.836357
    2.860000     6.999504
    2.870000     7.164655
    2.880000     7.331823
    2.890000     7.501022
    2.900000     7.672265
    2.910000     7.845565
    2.920000     8.020934
    2.930000     8.198387
    2.940000     8.377936
    2.950000     8.559595
    2.960000     8.743376
    2.970000     8.929294
    2.980000     9.117362
    2.990000     9.307593
    3.000000     9.500000
    3.010000     9.694597
    3.020000     9.891398
