   -4.620000     9.982200
   -4.610000     9.931050
   -4.600000     9.880000
   -4.590000     9.829050
   -4.580000     9.778200
   -4.570000     9.727450
   -4.560000     9.676800
   -4.550000     9.626250
   -4.540000     9.575800
   -4.530000     9.525450
   -4.520000     9.475200
   -4.510000     9.425050
   -4.500000     9.375000
   -4.490000     9.325050
   -4.480000     9.275200
   -4.470000     9.225450
   -4.460000     9.175800
   -4.450000     9.126250
   -4.440000     9.076800
   -4.430000     9.027450
   -4.420000     8.978200
   -4.410000     8.929050
   -4.400000     8.880000
   -4.390000     8.831050
   -4.380000     8.782200
   -4.370000     8.733450
   -4.360000     8.684800
   -4.350000     8.636250
   -4.340000     8.587800
   -4.330000     8.539450
   -4.320000     8.491200
   -4.310000     8.443050
   -4.300000     8.395000
   -4.290000     8.347050
   -4.280000     8.299200
   -4.270000     8.251450
   -4.260000     8.203800
   -4.250000     8.156250
   -4.240000     8.108800
   -4.230000     8.061450
   -4.220000     8.014200
   -4.210000     7.967050
   -4.200000     7.920000
   -4.190000     7.873050
   -4.180000     7.826200
   -4.170000     7.779450
   -4.160000     7.732800
   -4.150000     7.686250
   -4.140000     7.639800
   -4.130000     7.593450
   -4.120000     7.547200
   -4.110000     7.501050
   -4.100000     7.455000
   -4.090000     7.409050
   -4.080000     7.363200
   -4.070000     7.317450
   -4.060000     7.271800
   -4.050000     7.226250
   -4.040000     7.180800
   -4.030000     7.135450
   -4.020000     7.090200
   -4.010000     7.045050
   -4.000000     7.000000
   -3.990000     6.955050
   -3.980000     6.910200
   -3.970000     6.865450
   -3.960000     6.820800
   -3.950000     6.776250
   -3.940000     6.731800
   -3.930000     6.687450
   -3.920000     6.643200
   -3.910000     6.599050
   -3.900000     6.555000
   -3.890000     6.511050
   -3.880000     6.467200
   -3.870000     6.423450
   -3.860000     6.379800
   -3.850000     6.336250
   -3.840000     6.292800
   -3.830000     6.249450
   -3.820000     6.206200
   -3.810000     6.163050
   -3.800000     6.120000
   -3.790000     6.077050
   -3.780000     6.034200
   -3.770000     5.991450
   -3.760000     5.948800
   -3.750000     5.906250
   -3.740000     5.863800
   -3.730000     5.821450
   -3.720000     5.779200
   -3.710000     5.737050
   -3.700000     5.695000
   -3.690000     5.653050
   -3.680000     5.611200
   -3.670000     5.569450
   -3.660000     5.527800
   -3.650000     5.486250
   -3.640000     5.444800
   -3.630000     5.403450
   -3.620000     5.362200
   -3.610000     5.321050
   -3.600000     5.280000
   -3.590000     5.239050
   -3.580000     5.198200
   -3.570000     5.157450
   -3.560000     5.116800
   -3.550000     5.076250
   -3.540000     5.035800
   -3.530000     4.995450
   -3.520000     4.955200
   -3.510000     4.915050
   -3.500000     4.875000
   -3.490000     4.835050
   -3.480000     4.795200
   -3.470000     4.755450
   -3.460000     4.715800
   -3.450000     4.676250
   -3.440000     4.636800
   -3.430000     4.597450
   -3.420000     4.558200
   -3.410000     4.519050
   -3.400000     4.480000
   -3.390000     4.441050
   -3.380000     4.402200
   -3.370000     4.363450
   -3.360000     4.324800
   -3.350000     4.286250
   -3.340000     4.247800
   -3.330000     4.209450
   -3.320000     4.171200
   -3.310000     4.133050
   -3.300000     4.095000
   -3.290000     4.057050
   -3.280000     4.019200
   -3.270000     3.981450
   -3.260000     3.943800
   -3.250000     3.906250
   -3.240000     3.868800
   -3.230000     3.831450
   -3.220000     3.794200
   -3.210000     3.757050
   -3.200000     3.720000
   -3.190000     3.683050
   -3.180000     3.646200
   -3.170000     3.609450
   -3.160000     3.572800
   -3.150000     3.536250
   -3.140000     3.499800
   -3.130000     3.463450
   -3.120000     3.427200
   -3.110000     3.391050
   -3.100000     3.355000
   -3.090000     3.319050
   -3.080000     3.283200
   -3.070000     3.247450
   -3.060000     3.211800
   -3.050000     3.176250
   -3.040000     3.140800
   -3.030000     3.105450
   -3.020000     3.070200
   -3.010000     3.035050
   -3.000000     3.000000
   -2.990000     2.965050
   -2.980000     2.930200
   -2.970000     2.895450
   -2.960000     2.860800
   -2.950000     2.826250
   -2.940000     2.791800
   -2.930000     2.757450
   -2.920000     2.723200
   -2.910000     2.689050
   -2.900000     2.655000
   -2.890000     2.621050
   -2.880000     2.587200
   -2.870000     2.553450
   -2.860000     2.519800
   -2.850000     2.486250
   -2.840000     2.452800
   -2.830000     2.419450
   -2.820000     2.386200
   -2.810000     2.353050
   -2.800000     2.320000
   -2.790000     2.287050
   -2.780000     2.254200
   -2.770000     2.221450
   -2.760000     2.188800
   -2.750000     2.156250
   -2.740000     2.123800
   -2.730000     2.091450
   -2.720000     2.059200
   -2.710000     2.027050
   -2.700000     1.995000
   -2.690000     1.963050
   -2.680000     1.931200
   -2.670000     1.899450
   -2.660000     1.867800
   -2.650000     1.836250
   -2.640000     1.804800
   -2.630000     1.773450
   -2.620000     1.742200
   -2.610000     1.711050
   -2.600000     1.680000
   -2.590000     1.649050
   -2.580000     1.618200
   -2.570000     1.587450
   -2.560000     1.556800
   -2.550000     1.526250
   -2.540000     1.495800
   -2.530000     1.465450
   -2.520000     1.435200
   -2.510000     1.405050
   -2.500000     1.375000
   -2.490000     1.345050
   -2.480000     1.315200
   -2.470000     1.285450
   -2.460000     1.255800
   -2.450000     1.226250
   -2.440000     1.196800
   -2.430000     1.167450
   -2.420000     1.138200
   -2.410000     1.109050
   -2.400000     1.080000
   -2.390000     1.051050
   -2.380000     1.022200
   -2.370000     0.993450
   -2.360000     0.964800
   -2.350000     0.936250
   -2.340000     0.907800
   -2.330000     0.879450
   -2.320000     0.851200
   -2.310000     0.823050
   -2.300000     0.795000
   -2.290000     0.767050
   -2.280000     0.739200
   -2.270000     0.711450
   -2.260000     0.683800
   -2.250000     0.656250
   -2.240000     0.628800
   -2.230000     0.601450
   -2.220000     0.574200
   -2.210000     0.547050
   -2.200000     0.520000
   -2.190000     0.493050
   -2.180000     0.466200
   -2.170000     0.439450
   -2.160000     0.412800
   -2.150000     0.386250
   -2.140000     0.359800
   -2.130000     0.333450
   -2.120000     0.307200
   -2.110000     0.281050
   -2.100000     0.255000
   -2.090000     0.229050
   -2.080000     0.203200
   -2.070000     0.177450
   -2.060000     0.151800
   -2.050000     0.126250
   -2.040000     0.100800
   -2.030000     0.075450
   -2.020000     0.050200
   -2.010000     0.025050
   -2.000000    -0.000000
   -1.990000    -0.024950
   -1.980000    -0.049800
   -1.970000    -0.074550
   -1.960000    -0.099200
   -1.950000    -0.123750
   -1.940000    -0.148200
   -1.930000    -0.172550
   -1.920000    -0.196800
   -1.910000    -0.220950
   -1.900000    -0.245000
   -1.890000    -0.268950
   -1.880000    -0.292800
   -1.870000    -0.316550
   -1.860000    -0.340200
   -1.850000    -0.363750
   -1.840000    -0.387200
   -1.830000    -0.410550
   -1.820000    -0.433800
   -1.810000    -0.456950
   -1.800000    -0.480000
   -1.790000    -0.502950
   -1.780000    -0.525800
   -1.770000    -0.548550
   -1.760000    -0.571200
   -1.750000    -0.593750
   -1.740000    -0.616200
   -1.730000    -0.638550
   -1.720000    -0.660800
   -1.710000    -0.682950
   -1.700000    -0.705000
   -1.690000    -0.726950
   -1.680000    -0.748800
   -1.670000    -0.770550
   -1.660000    -0.792200
   -1.650000    -0.813750
   -1.640000    -0.835200
   -1.630000    -0.856550
   -1.620000    -0.877800
   -1.610000    -0.898950
   -1.600000    -0.920000
   -1.590000    -0.940950
   -1.580000    -0.961800
   -1.570000    -0.982550
   -1.560000    -1.003200
   -1.550000    -1.023750
   -1.540000    -1.044200
   -1.530000    -1.064550
   -1.520000    -1.084800
   -1.510000    -1.104950
   -1.500000    -1.125000
   -1.490000    -1.144950
   -1.480000    -1.164800
   -1.470000    -1.184550
   -1.460000    -1.204200
   -1.450000    -1.223750
   -1.440000    -1.243200
   -1.430000    -1.262550
   -1.420000    -1.281800
   -1.410000    -1.300950
   -1.400000    -1.320000
   -1.390000    -1.338950
   -1.380000    -1.357800
   -1.370000    -1.376550
   -1.360000    -1.395200
   -1.350000    -1.413750
   -1.340000    -1.432200
   -1.330000    -1.450550
   -1.320000    -1.468800
   -1.310000    -1.486950
   -1.300000    -1.505000
   -1.290000    -1.522950
   -1.280000    -1.540800
   -1.270000    -1.558550
   -1.260000    -1.576200
   -1.250000    -1.593750
   -1.240000    -1.611200
   -1.230000    -1.628550
   -1.220000    -1.645800
   -1.210000    -1.662950
   -1.200000    -1.680000
   -1.190000    -1.696950
   -1.180000    -1.713800
   -1.170000    -1.730550
   -1.160000    -1.747200
   -1.150000    -1.763750
   -1.140000    -1.780200
   -1.130000    -1.796550
   -1.120000    -1.812800
   -1.110000    -1.828950
   -1.100000    -1.845000
   -1.090000    -1.860950
   -1.080000    -1.876800
   -1.070000    -1.892550
   -1.060000    -1.908200
   -1.050000    -1.923750
   -1.040000    -1.939200
   -1.030000    -1.954550
   -1.020000    -1.969800
   -1.010000    -1.984950
   -1.000000    -2.000000
   -0.990000    -2.014950
   -0.980000    -2.029800
   -0.970000    -2.044550
   -0.960000    -2.059200
   -0.950000    -2.073750
   -0.940000    -2.088200
   -0.930000    -2.102550
   -0.920000    -2.116800
   -0.910000    -2.130950
   -0.900000    -2.145000
   -0.890000    -2.158950
   -0.880000    -2.172800
   -0.870000    -2.186550
   -0.860000    -2.200200
   -0.850000    -2.213750
   -0.840000    -2.227200
   -0.830000    -2.240550
   -0.820000    -2.253800
   -0.810000    -2.266950
   -0.800000    -2.280000
   -0.790000    -2.292950
   -0.780000    -2.305800
   -0.770000    -2.318550
   -0.760000    -2.331200
   -0.750000    -2.343750
   -0.740000    -2.356200
   -0.730000    -2.368550
   -0.720000    -2.380800
   -0.710000    -2.392950
   -0.700000    -2.405000
   -0.690000    -2.416950
   -0.680000    -2.428800
   -0.670000    -2.440550
   -0.660000    -2.452200
   -0.650000    -2.463750
   -0.640000    -2.475200
   -0.630000    -2.486550
   -0.620000    -2.497800
   -0.610000    -2.508950
   -0.600000    -2.520000
   -0.590000    -2.530950
   -0.580000    -2.541800
   -0.570000    -2.552550
   -0.560000    -2.563200
   -0.550000    -2.573750
   -0.540000    -2.584200
   -0.530000    -2.594550
   -0.520000    -2.604800
   -0.510000    -2.614950
   -0.500000    -2.625000
   -0.490000    -2.634950
   -0.480000    -2.644800
   -0.470000    -2.654550
   -0.460000    -2.664200
   -0.450000    -2.673750
   -0.440000    -2.683200
   -0.430000    -2.692550
   -0.420000    -2.701800
   -0.410000    -2.710950
   -0.400000    -2.720000
   -0.390000    -2.728950
   -0.380000    -2.737800
   -0.370000    -2.746550
   -0.360000    -2.755200
   -0.350000    -2.763750
   -0.340000    -2.772200
   -0.330000    -2.780550
   -0.320000    -2.788800
   -0.310000    -2.796950
   -0.300000    -2.805000
   -0.290000    -2.812950
   -0.280000    -2.820800
   -0.270000    -2.828550
   -0.260000    -2.836200
   -0.250000    -2.843750
   -0.240000    -2.851200
   -0.230000    -2.858550
   -0.220000    -2.865800
   -0.210000    -2.872950
   -0.200000    -2.880000
   -0.190000    -2.886950
   -0.180000    -2.893800
   -0.170000    -2.900550
   -0.160000    -2.907200
   -0.150000    -2.913750
   -0.140000    -2.920200
   -0.130000    -2.926550
   -0.120000    -2.932800
   -0.110000    -2.938950
   -0.100000    -2.945000
   -0.090000    -2.950950
   -0.080000    -2.956800
   -0.070000    -2.962550
   -0.060000    -2.968200
   -0.050000    -2.973750
   -0.040000    -2.979200
   -0.030000    -2.984550
   -0.020000    -2.989800
   -0.010000    -2.994950
    0.000000    -3.000000
    0.010000    -3.004950
    0.020000    -3.009800
    0.030000    -3.014550
    0.040000    -3.019200
    0.050000    -3.023750
    0.060000    -3.028200
    0.070000    -3.032550
    0.080000    -3.036800
    0.090000    -3.040950
    0.100000    -3.045000
    0.110000    -3.048950
    0.120000    -3.052800
    0.130000    -3.056550
    0.140000    -3.060200
    0.150000    -3.063750
    0.160000    -3.067200
    0.170000    -3.070550
    0.180000    -3.073800
    0.190000    -3.076950
    0.200000    -3.080000
    0.210000    -3.082950
    0.220000    -3.085800
    0.230000    -3.088550
    0.240000    -3.091200
    0.250000    -3.093750
    0.260000    -3.096200
    0.270000    -3.098550
    0.280000    -3.100800
    0.290000    -3.102950
    0.300000    -3.105000
    0.310000    -3.106950
    0.320000    -3.108800
    0.330000    -3.110550
    0.340000    -3.112200
    0.350000    -3.113750
    0.360000    -3.115200
    0.370000    -3.116550
    0.380000    -3.117800
    0.390000    -3.118950
    0.400000    -3.120000
    0.410000    -3.120950
    0.420000    -3.121800
    0.430000    -3.122550
    0.440000    -3.123200
    0.450000    -3.123750
    0.460000    -3.124200
    0.470000    -3.124550
    0.480000    -3.124800
    0.490000    -3.124950
    0.500000    -3.125000
    0.510000    -3.124950
    0.520000    -3.124800
    0.530000    -3.124550
    0.540000    -3.124200
    0.550000    -3.123750
    0.560000    -3.123200
    0.570000    -3.122550
    0.580000    -3.121800
    0.590000    -3.120950
    0.600000    -3.120000
    0.610000    -3.118950
    0.620000    -3.117800
    0.630000    -3.116550
    0.640000    -3.115200
    0.650000    -3.113750
    0.660000    -3.112200
    0.670000    -3.110550
    0.680000    -3.108800
    0.690000    -3.106950
    0.700000    -3.105000
    0.710000    -3.102950
    0.720000    -3.100800
    0.730000    -3.098550
    0.740000    -3.096200
    0.750000    -3.093750
    0.760000    -3.091200
    0.770000    -3.088550
    0.780000    -3.085800
    0.790000    -3.082950
    0.800000    -3.080000
    0.810000    -3.076950
    0.820000    -3.073800
    0.830000    -3.070550
    0.840000    -3.067200
    0.850000    -3.063750
    0.860000    -3.060200
    0.870000    -3.056550
    0.880000    -3.052800
    0.890000    -3.048950
    0.900000    -3.045000
    0.910000    -3.040950
    0.920000    -3.036800
    0.930000    -3.032550
    0.940000    -3.028200
    0.950000    -3.023750
    0.960000    -3.019200
    0.970000    -3.014550
    0.980000    -3.009800
    0.990000    -3.004950
    1.000000    -3.000000
    1.010000    -2.994950
    1.020000    -2.989800
    1.030000    -2.984550
    1.040000    -2.979200
    1.050000    -2.973750
    1.060000    -2.968200
    1.070000    -2.962550
    1.080000    -2.956800
    1.090000    -2.950950
    1.100000    -2.945000
    1.110000    -2.938950
    1.120000    -2.932800
    1.130000    -2.926550
    1.140000    -2.920200
    1.150000    -2.913750
    1.160000    -2.907200
    1.170000    -2.900550
    1.180000    -2.893800
    1.190000    -2.886950
    1.200000    -2.880000
    1.210000    -2.872950
    1.220000    -2.865800
    1.230000    -2.858550
    1.240000    -2.851200
    1.250000    -2.843750
    1.260000    -2.836200
    1.270000    -2.828550
    1.280000    -2.820800
    1.290000    -2.812950
    1.300000    -2.805000
    1.310000    -2.796950
    1.320000    -2.788800
    1.330000    -2.780550
    1.340000    -2.772200
    1.350000    -2.763750
    1.360000    -2.755200
    1.370000    -2.746550
    1.380000    -2.737800
    1.390000    -2.728950
    1.400000    -2.720000
    1.410000    -2.710950
    1.420000    -2.701800
    1.430000    -2.692550
    1.440000    -2.683200
    1.450000    -2.673750
    1.460000    -2.664200
    1.470000    -2.654550
    1.480000    -2.644800
    1.490000    -2.634950
    1.500000    -2.625000
    1.510000    -2.614950
    1.520000    -2.604800
    1.530000    -2.594550
    1.540000    -2.584200
    1.550000    -2.573750
    1.560000    -2.563200
    1.570000    -2.552550
    1.580000    -2.541800
    1.590000    -2.530950
    1.600000    -2.520000
    1.610000    -2.508950
    1.620000    -2.497800
    1.630000    -2.486550
    1.640000    -2.475200
    1.650000    -2.463750
    1.660000    -2.452200
    1.670000    -2.440550
    1.680000    -2.428800
    1.690000    -2.416950
    1.700000    -2.405000
    1.710000    -2.392950
    1.720000    -2.380800
    1.730000    -2.368550
    1.740000    -2.356200
    1.750000    -2.343750
    1.760000    -2.331200
    1.770000    -2.318550
    1.780000    -2.305800
    1.790000    -2.292950
    1.800000    -2.280000
    1.810000    -2.266950
    1.820000    -2.253800
    1.830000    -2.240550
    1.840000    -2.227200
    1.850000    -2.213750
    1.860000    -2.200200
    1.870000    -2.186550
    1.880000    -2.172800
    1.890000    -2.158950
    1.900000    -2.145000
    1.910000    -2.130950
    1.920000    -2.116800
    1.930000    -2.102550
    1.940000    -2.088200
    1.950000    -2.073750
    1.960000    -2.059200
    1.970000    -2.044550
    1.980000    -2.029800
    1.990000    -2.014950
    2.000000    -2.000000
    2.010000    -1.984950
    2.020000    -1.969800
    2.030000    -1.954550
    2.040000    -1.939200
    2.050000    -1.923750
    2.060000    -1.908200
    2.070000    -1.892550
    2.080000    -1.876800
    2.090000    -1.860950
    2.100000    -1.845000
    2.110000    -1.828950
    2.120000    -1.812800
    2.130000    -1.796550
    2.140000    -1.780200
    2.150000    -1.763750
    2.160000    -1.747200
    2.170000    -1.730550
    2.180000    -1.713800
    2.190000    -1.696950
    2.200000    -1.680000
    2.210000    -1.662950
    2.220000    -1.645800
    2.230000    -1.628550
    2.240000    -1.611200
    2.250000    -1.593750
    2.260000    -1.576200
    2.270000    -1.558550
    2.280000    -1.540800
    2.290000    -1.522950
    2.300000    -1.505000
    2.310000    -1.486950
    2.320000    -1.468800
    2.330000    -1.450550
    2.340000    -1.432200
    2.350000    -1.413750
    2.360000    -1.395200
    2.370000    -1.376550
    2.380000    -1.357800
    2.390000    -1.338950
    2.400000    -1.320000
    2.410000    -1.300950
    2.420000    -1.281800
    2.430000    -1.262550
    2.440000    -1.243200
    2.450000    -1.223750
    2.460000    -1.204200
    2.470000    -1.184550
    2.480000    -1.164800
    2.490000    -1.144950
    2.500000    -1.125000
    2.510000    -1.104950
    2.520000    -1.084800
    2.530000    -1.064550
    2.540000    -1.044200
    2.550000    -1.023750
    2.560000    -1.003200
    2.570000    -0.982550
    2.580000    -0.961800
    2.590000    -0.940950
    2.600000    -0.920000
    2.610000    -0.898950
    2.620000    -0.877800
    2.630000    -0.856550
    2.640000    -0.835200
    2.650000    -0.813750
    2.660000    -0.792200
    2.670000    -0.770550
    2.680000    -0.748800
    2.690000    -0.726950
    2.700000    -0.705000
    2.710000    -0.682950
    2.720000    -0.660800
    2.730000    -0.638550
    2.740000    -0.616200
    2.750000    -0.593750
    2.760000    -0.571200
    2.770000    -0.548550
    2.780000    -0.525800
    2.790000    -0.502950
    2.800000    -0.480000
    2.810000    -0.456950
    2.820000    -0.433800
    2.830000    -0.410550
    2.840000    -0.387200
    2.850000    -0.363750
    2.860000    -0.340200
    2.870000    -0.316550
    2.880000    -0.292800
    2.890000    -0.268950
    2.900000    -0.245000
    2.910000    -0.220950
    2.920000    -0.196800
    2.930000    -0.172550
    2.940000    -0.148200
    2.950000    -0.123750
    2.960000    -0.099200
    2.970000    -0.074550
    2.980000    -0.049800
    2.990000    -0.024950
    3.000000     0.000000
    3.010000     0.025050
    3.020000     0.050200
    3.030000     0.075450
    3.040000     0.100800
    3.050000     0.126250
    3.060000     0.151800
    3.070000     0.177450
    3.080000     0.203200
    3.090000     0.229050
    3.100000     0.255000
    3.110000     0.281050
    3.120000     0.307200
    3.130000     0.333450
    3.140000     0.359800
    3.150000     0.386250
    3.160000     0.412800
    3.170000     0.439450
    3.180000     0.466200
    3.190000     0.493050
    3.200000     0.520000
    3.210000     0.547050
    3.220000     0.574200
    3.230000     0.601450
    3.240000     0.628800
    3.250000     0.656250
    3.260000     0.683800
    3.270000     0.711450
    3.280000     0.739200
    3.290000     0.767050
    3.300000     0.795000
    3.310000     0.823050
    3.320000     0.851200
    3.330000     0.879450
    3.340000     0.907800
    3.350000     0.936250
    3.360000     0.964800
    3.370000     0.993450
    3.380000     1.022200
    3.390000     1.051050
    3.400000     1.080000
    3.410000     1.109050
    3.420000     1.138200
    3.430000     1.167450
    3.440000     1.196800
    3.450000     1.226250
    3.460000     1.255800
    3.470000     1.285450
    3.480000     1.315200
    3.490000     1.345050
    3.500000     1.375000
    3.510000     1.405050
    3.520000     1.435200
    3.530000     1.465450
    3.540000     1.495800
    3.550000     1.526250
    3.560000     1.556800
    3.570000     1.587450
    3.580000     1.618200
    3.590000     1.649050
    3.600000     1.680000
    3.610000     1.711050
    3.620000     1.742200
    3.630000     1.773450
    3.640000     1.804800
    3.650000     1.836250
    3.660000     1.867800
    3.670000     1.899450
    3.680000     1.931200
    3.690000     1.963050
    3.700000     1.995000
    3.710000     2.027050
    3.720000     2.059200
    3.730000     2.091450
    3.740000     2.123800
    3.750000     2.156250
    3.760000     2.188800
    3.770000     2.221450
    3.780000     2.254200
    3.790000     2.287050
    3.800000     2.320000
    3.810000     2.353050
    3.820000     2.386200
    3.830000     2.419450
    3.840000     2.452800
    3.850000     2.486250
    3.860000     2.519800
    3.870000     2.553450
    3.880000     2.587200
    3.890000     2.621050
    3.900000     2.655000
    3.910000     2.689050
    3.920000     2.723200
    3.930000     2.757450
    3.940000     2.791800
    3.950000     2.826250
    3.960000     2.860800
    3.970000     2.895450
    3.980000     2.930200
    3.990000     2.965050
    4.000000     3.000000
    4.010000     3.035050
    4.020000     3.070200
    4.030000     3.105450
    4.040000     3.140800
    4.050000     3.176250
    4.060000     3.211800
    4.070000     3.247450
    4.080000     3.283200
    4.090000     3.319050
    4.100000     3.355000
    4.110000     3.391050
    4.120000     3.427200
    4.130000     3.463450
    4.140000     3.499800
    4.150000     3.536250
    4.160000     3.572800
    4.170000     3.609450
    4.180000     3.646200
    4.190000     3.683050
    4.200000     3.720000
    4.210000     3.757050
    4.220000     3.794200
    4.230000     3.831450
    4.240000     3.868800
    4.250000     3.906250
    4.260000     3.943800
    4.270000     3.981450
    4.280000     4.019200
    4.290000     4.057050
    4.300000     4.095000
    4.310000     4.133050
    4.320000     4.171200
    4.330000     4.209450
    4.340000     4.247800
    4.350000     4.286250
    4.360000     4.324800
    4.370000     4.363450
    4.380000     4.402200
    4.390000     4.441050
    4.400000     4.480000
    4.410000     4.519050
    4.420000     4.558200
    4.430000     4.597450
    4.440000     4.636800
    4.450000     4.676250
    4.460000     4.715800
    4.470000     4.755450
    4.480000     4.795200
    4.490000     4.835050
    4.500000     4.875000
    4.510000     4.915050
    4.520000     4.955200
    4.530000     4.995450
    4.540000     5.035800
    4.550000     5.076250
    4.560000     5.116800
    4.570000     5.157450
    4.580000     5.198200
    4.590000     5.239050
    4.600000     5.280000
    4.610000     5.321050
    4.620000     5.362200
    4.630000     5.403450
    4.640000     5.444800
    4.650000     5.486250
    4.660000     5.527800
    4.670000     5.569450
    4.680000     5.611200
    4.690000     5.653050
    4.700000     5.695000
    4.710000     5.737050
    4.720000     5.779200
    4.730000     5.821450
    4.740000     5.863800
    4.750000     5.906250
    4.760000     5.948800
    4.770000     5.991450
    4.780000     6.034200
    4.790000     6.077050
    4.800000     6.120000
    4.810000     6.163050
    4.820000     6.206200
    4.830000     6.249450
    4.840000     6.292800
    4.850000     6.336250
    4.860000     6.379800
    4.870000     6.423450
    4.880000     6.467200
    4.890000     6.511050
    4.900000     6.555000
    4.910000     6.599050
    4.920000     6.643200
    4.930000     6.687450
    4.940000     6.731800
    4.950000     6.776250
    4.960000     6.820800
    4.970000     6.865450
    4.980000     6.910200
    4.990000     6.955050
    5.000000     7.000000
    5.010000     7.045050
    5.020000     7.090200
    5.030000     7.135450
    5.040000     7.180800
    5.050000     7.226250
    5.060000     7.271800
    5.070000     7.317450
    5.080000     7.363200
    5.090000     7.409050
    5.100000     7.455000
    5.110000     7.501050
    5.120000     7.547200
    5.130000     7.593450
    5.140000     7.639800
    5.150000     7.686250
    5.160000     7.732800
    5.170000     7.779450
    5.180000     7.826200
    5.190000     7.873050
    5.200000     7.920000
    5.210000     7.967050
    5.220000     8.014200
    5.230000     8.061450
    5.240000     8.108800
    5.250000     8.156250
    5.260000     8.203800
    5.270000     8.251450
    5.280000     8.299200
    5.290000     8.347050
    5.300000     8.395000
    5.310000     8.443050
    5.320000     8.491200
    5.330000     8.539450
    5.340000     8.587800
    5.350000     8.636250
    5.360000     8.684800
    5.370000     8.733450
    5.380000     8.782200
    5.390000     8.831050
    5.400000     8.880000
    5.410000     8.929050
    5.420000     8.978200
    5.430000     9.027450
    5.440000     9.076800
    5.450000     9.126250
    5.460000     9.175800
    5.470000     9.225450
    5.480000     9.275200
    5.490000     9.325050
    5.500000     9.375000
    5.510000     9.425050
    5.520000     9.475200
    5.530000     9.525450
    5.540000     9.575800
    5.550000     9.626250
    5.560000     9.676800
    5.570000     9.727450
    5.580000     9.778200
    5.590000     9.829050
    5.600000     9.880000
    5.610000     9.931050
    5.620000     9.982200
