   -8.000000     0.001006
   -7.990000     0.001016
   -7.980000     0.001026
   -7.970000     0.001037
   -7.960000     0.001047
   -7.950000     0.001058
   -7.940000     0.001068
   -7.930000     0.001079
   -7.920000     0.001090
   -7.910000     0.001101
   -7.900000     0.001112
   -7.890000     0.001123
   -7.880000     0.001134
   -7.870000     0.001146
   -7.860000     0.001157
   -7.850000     0.001169
   -7.840000     0.001181
   -7.830000     0.001192
   -7.820000     0.001204
   -7.810000     0.001216
   -7.800000     0.001229
   -7.790000     0.001241
   -7.780000     0.001254
   -7.770000     0.001266
   -7.760000     0.001279
   -7.750000     0.001292
   -7.740000     0.001305
   -7.730000     0.001318
   -7.720000     0.001331
   -7.710000     0.001344
   -7.700000     0.001358
   -7.690000     0.001372
   -7.680000     0.001385
   -7.670000     0.001399
   -7.660000     0.001413
   -7.650000     0.001427
   -7.640000     0.001442
   -7.630000     0.001456
   -7.620000     0.001471
   -7.610000     0.001486
   -7.600000     0.001501
   -7.590000     0.001516
   -7.580000     0.001531
   -7.570000     0.001546
   -7.560000     0.001562
   -7.550000     0.001578
   -7.540000     0.001593
   -7.530000     0.001609
   -7.520000     0.001626
   -7.510000     0.001642
   -7.500000     0.001658
   -7.490000     0.001675
   -7.480000     0.001692
   -7.470000     0.001709
   -7.460000     0.001726
   -7.450000     0.001743
   -7.440000     0.001761
   -7.430000     0.001779
   -7.420000     0.001796
   -7.410000     0.001814
   -7.400000     0.001833
   -7.390000     0.001851
   -7.380000     0.001870
   -7.370000     0.001888
   -7.360000     0.001907
   -7.350000     0.001927
   -7.340000     0.001946
   -7.330000     0.001965
   -7.320000     0.001985
   -7.310000     0.002005
   -7.300000     0.002025
   -7.290000     0.002046
   -7.280000     0.002066
   -7.270000     0.002087
   -7.260000     0.002108
   -7.250000     0.002129
   -7.240000     0.002150
   -7.230000     0.002172
   -7.220000     0.002194
   -7.210000     0.002216
   -7.200000     0.002238
   -7.190000     0.002261
   -7.180000     0.002283
   -7.170000     0.002306
   -7.160000     0.002329
   -7.150000     0.002353
   -7.140000     0.002376
   -7.130000     0.002400
   -7.120000     0.002424
   -7.110000     0.002449
   -7.100000     0.002473
   -7.090000     0.002498
   -7.080000     0.002523
   -7.070000     0.002549
   -7.060000     0.002574
   -7.050000     0.002600
   -7.040000     0.002626
   -7.030000     0.002652
   -7.020000     0.002679
   -7.010000     0.002706
   -7.000000     0.002733
   -6.990000     0.002761
   -6.980000     0.002788
   -6.970000     0.002816
   -6.960000     0.002845
   -6.950000     0.002873
   -6.940000     0.002902
   -6.930000     0.002931
   -6.920000     0.002961
   -6.910000     0.002990
   -6.900000     0.003020
   -6.890000     0.003051
   -6.880000     0.003081
   -6.870000     0.003112
   -6.860000     0.003143
   -6.850000     0.003175
   -6.840000     0.003207
   -6.830000     0.003239
   -6.820000     0.003272
   -6.810000     0.003304
   -6.800000     0.003338
   -6.790000     0.003371
   -6.780000     0.003405
   -6.770000     0.003439
   -6.760000     0.003474
   -6.750000     0.003509
   -6.740000     0.003544
   -6.730000     0.003579
   -6.720000     0.003615
   -6.710000     0.003652
   -6.700000     0.003688
   -6.690000     0.003725
   -6.680000     0.003763
   -6.670000     0.003800
   -6.660000     0.003839
   -6.650000     0.003877
   -6.640000     0.003916
   -6.630000     0.003955
   -6.620000     0.003995
   -6.610000     0.004035
   -6.600000     0.004076
   -6.590000     0.004116
   -6.580000     0.004158
   -6.570000     0.004200
   -6.560000     0.004242
   -6.550000     0.004284
   -6.540000     0.004327
   -6.530000     0.004371
   -6.520000     0.004415
   -6.510000     0.004459
   -6.500000     0.004504
   -6.490000     0.004549
   -6.480000     0.004594
   -6.470000     0.004640
   -6.460000     0.004687
   -6.450000     0.004734
   -6.440000     0.004782
   -6.430000     0.004830
   -6.420000     0.004878
   -6.410000     0.004927
   -6.400000     0.004976
   -6.390000     0.005026
   -6.380000     0.005077
   -6.370000     0.005128
   -6.360000     0.005179
   -6.350000     0.005231
   -6.340000     0.005284
   -6.330000     0.005337
   -6.320000     0.005390
   -6.310000     0.005444
   -6.300000     0.005499
   -6.290000     0.005554
   -6.280000     0.005610
   -6.270000     0.005666
   -6.260000     0.005723
   -6.250000     0.005780
   -6.240000     0.005838
   -6.230000     0.005897
   -6.220000     0.005956
   -6.210000     0.006016
   -6.200000     0.006076
   -6.190000     0.006137
   -6.180000     0.006198
   -6.170000     0.006261
   -6.160000     0.006323
   -6.150000     0.006387
   -6.140000     0.006451
   -6.130000     0.006516
   -6.120000     0.006581
   -6.110000     0.006647
   -6.100000     0.006714
   -6.090000     0.006781
   -6.080000     0.006849
   -6.070000     0.006918
   -6.060000     0.006987
   -6.050000     0.007057
   -6.040000     0.007128
   -6.030000     0.007199
   -6.020000     0.007271
   -6.010000     0.007344
   -6.000000     0.007418
   -5.990000     0.007492
   -5.980000     0.007567
   -5.970000     0.007643
   -5.960000     0.007720
   -5.950000     0.007797
   -5.940000     0.007875
   -5.930000     0.007954
   -5.920000     0.008034
   -5.910000     0.008115
   -5.900000     0.008196
   -5.890000     0.008278
   -5.880000     0.008361
   -5.870000     0.008445
   -5.860000     0.008529
   -5.850000     0.008615
   -5.840000     0.008701
   -5.830000     0.008788
   -5.820000     0.008876
   -5.810000     0.008965
   -5.800000     0.009055
   -5.790000     0.009146
   -5.780000     0.009238
   -5.770000     0.009330
   -5.760000     0.009424
   -5.750000     0.009518
   -5.740000     0.009613
   -5.730000     0.009710
   -5.720000     0.009807
   -5.710000     0.009905
   -5.700000     0.010004
   -5.690000     0.010105
   -5.680000     0.010206
   -5.670000     0.010308
   -5.660000     0.010411
   -5.650000     0.010516
   -5.640000     0.010621
   -5.630000     0.010727
   -5.620000     0.010835
   -5.610000     0.010943
   -5.600000     0.011053
   -5.590000     0.011163
   -5.580000     0.011275
   -5.570000     0.011388
   -5.560000     0.011502
   -5.550000     0.011617
   -5.540000     0.011734
   -5.530000     0.011851
   -5.520000     0.011970
   -5.510000     0.012089
   -5.500000     0.012210
   -5.490000     0.012333
   -5.480000     0.012456
   -5.470000     0.012581
   -5.460000     0.012707
   -5.450000     0.012834
   -5.440000     0.012962
   -5.430000     0.013092
   -5.420000     0.013223
   -5.410000     0.013355
   -5.400000     0.013489
   -5.390000     0.013624
   -5.380000     0.013760
   -5.370000     0.013898
   -5.360000     0.014037
   -5.350000     0.014177
   -5.340000     0.014319
   -5.330000     0.014462
   -5.320000     0.014607
   -5.310000     0.014753
   -5.300000     0.014900
   -5.290000     0.015049
   -5.280000     0.015200
   -5.270000     0.015352
   -5.260000     0.015505
   -5.250000     0.015660
   -5.240000     0.015817
   -5.230000     0.015975
   -5.220000     0.016135
   -5.210000     0.016296
   -5.200000     0.016459
   -5.190000     0.016623
   -5.180000     0.016790
   -5.170000     0.016957
   -5.160000     0.017127
   -5.150000     0.017298
   -5.140000     0.017471
   -5.130000     0.017645
   -5.120000     0.017822
   -5.110000     0.018000
   -5.100000     0.018179
   -5.090000     0.018361
   -5.080000     0.018544
   -5.070000     0.018730
   -5.060000     0.018917
   -5.050000     0.019106
   -5.040000     0.019296
   -5.030000     0.019489
   -5.020000     0.019684
   -5.010000     0.019880
   -5.000000     0.020079
   -4.990000     0.020279
   -4.980000     0.020481
   -4.970000     0.020686
   -4.960000     0.020892
   -4.950000     0.021101
   -4.940000     0.021311
   -4.930000     0.021524
   -4.920000     0.021739
   -4.910000     0.021956
   -4.900000     0.022175
   -4.890000     0.022396
   -4.880000     0.022619
   -4.870000     0.022845
   -4.860000     0.023073
   -4.850000     0.023303
   -4.840000     0.023535
   -4.830000     0.023770
   -4.820000     0.024007
   -4.810000     0.024246
   -4.800000     0.024488
   -4.790000     0.024732
   -4.780000     0.024978
   -4.770000     0.025227
   -4.760000     0.025479
   -4.750000     0.025732
   -4.740000     0.025989
   -4.730000     0.026248
   -4.720000     0.026509
   -4.710000     0.026773
   -4.700000     0.027040
   -4.690000     0.027309
   -4.680000     0.027581
   -4.670000     0.027856
   -4.660000     0.028133
   -4.650000     0.028413
   -4.640000     0.028696
   -4.630000     0.028982
   -4.620000     0.029270
   -4.610000     0.029561
   -4.600000     0.029855
   -4.590000     0.030152
   -4.580000     0.030452
   -4.570000     0.030755
   -4.560000     0.031061
   -4.550000     0.031370
   -4.540000     0.031682
   -4.530000     0.031997
   -4.520000     0.032315
   -4.510000     0.032636
   -4.500000     0.032961
   -4.490000     0.033288
   -4.480000     0.033619
   -4.470000     0.033953
   -4.460000     0.034291
   -4.450000     0.034631
   -4.440000     0.034975
   -4.430000     0.035323
   -4.420000     0.035673
   -4.410000     0.036028
   -4.400000     0.036385
   -4.390000     0.036747
   -4.380000     0.037111
   -4.370000     0.037480
   -4.360000     0.037851
   -4.350000     0.038227
   -4.340000     0.038606
   -4.330000     0.038989
   -4.320000     0.039376
   -4.310000     0.039766
   -4.300000     0.040161
   -4.290000     0.040559
   -4.280000     0.040961
   -4.270000     0.041367
   -4.260000     0.041777
   -4.250000     0.042191
   -4.240000     0.042609
   -4.230000     0.043031
   -4.220000     0.043457
   -4.210000     0.043888
   -4.200000     0.044322
   -4.190000     0.044761
   -4.180000     0.045204
   -4.170000     0.045651
   -4.160000     0.046103
   -4.150000     0.046559
   -4.140000     0.047020
   -4.130000     0.047485
   -4.120000     0.047955
   -4.110000     0.048429
   -4.100000     0.048907
   -4.090000     0.049391
   -4.080000     0.049879
   -4.070000     0.050372
   -4.060000     0.050870
   -4.050000     0.051372
   -4.040000     0.051879
   -4.030000     0.052392
   -4.020000     0.052909
   -4.010000     0.053431
   -4.000000     0.053959
   -3.990000     0.054491
   -3.980000     0.055029
   -3.970000     0.055571
   -3.960000     0.056120
   -3.950000     0.056673
   -3.940000     0.057232
   -3.930000     0.057796
   -3.920000     0.058365
   -3.910000     0.058940
   -3.900000     0.059521
   -3.890000     0.060107
   -3.880000     0.060699
   -3.870000     0.061297
   -3.860000     0.061900
   -3.850000     0.062509
   -3.840000     0.063124
   -3.830000     0.063745
   -3.820000     0.064372
   -3.810000     0.065005
   -3.800000     0.065644
   -3.790000     0.066289
   -3.780000     0.066940
   -3.770000     0.067598
   -3.760000     0.068262
   -3.750000     0.068932
   -3.740000     0.069609
   -3.730000     0.070292
   -3.720000     0.070982
   -3.710000     0.071678
   -3.700000     0.072381
   -3.690000     0.073091
   -3.680000     0.073807
   -3.670000     0.074531
   -3.660000     0.075261
   -3.650000     0.075998
   -3.640000     0.076742
   -3.630000     0.077494
   -3.620000     0.078252
   -3.610000     0.079018
   -3.600000     0.079791
   -3.590000     0.080571
   -3.580000     0.081359
   -3.570000     0.082154
   -3.560000     0.082957
   -3.550000     0.083768
   -3.540000     0.084586
   -3.530000     0.085412
   -3.520000     0.086245
   -3.510000     0.087087
   -3.500000     0.087937
   -3.490000     0.088794
   -3.480000     0.089660
   -3.470000     0.090534
   -3.460000     0.091416
   -3.450000     0.092307
   -3.440000     0.093205
   -3.430000     0.094113
   -3.420000     0.095029
   -3.410000     0.095953
   -3.400000     0.096886
   -3.390000     0.097828
   -3.380000     0.098779
   -3.370000     0.099739
   -3.360000     0.100708
   -3.350000     0.101685
   -3.340000     0.102672
   -3.330000     0.103669
   -3.320000     0.104674
   -3.310000     0.105689
   -3.300000     0.106714
   -3.290000     0.107748
   -3.280000     0.108791
   -3.270000     0.109844
   -3.260000     0.110908
   -3.250000     0.111981
   -3.240000     0.113064
   -3.230000     0.114157
   -3.220000     0.115260
   -3.210000     0.116373
   -3.200000     0.117497
   -3.190000     0.118631
   -3.180000     0.119776
   -3.170000     0.120931
   -3.160000     0.122097
   -3.150000     0.123274
   -3.140000     0.124461
   -3.130000     0.125660
   -3.120000     0.126869
   -3.110000     0.128090
   -3.100000     0.129322
   -3.090000     0.130565
   -3.080000     0.131819
   -3.070000     0.133085
   -3.060000     0.134363
   -3.050000     0.135652
   -3.040000     0.136954
   -3.030000     0.138266
   -3.020000     0.139591
   -3.010000     0.140928
   -3.000000     0.142278
   -2.990000     0.143639
   -2.980000     0.145013
   -2.970000     0.146399
   -2.960000     0.147798
   -2.950000     0.149210
   -2.940000     0.150634
   -2.930000     0.152071
   -2.920000     0.153521
   -2.910000     0.154984
   -2.900000     0.156461
   -2.890000     0.157950
   -2.880000     0.159453
   -2.870000     0.160970
   -2.860000     0.162500
   -2.850000     0.164044
   -2.840000     0.165602
   -2.830000     0.167173
   -2.820000     0.168759
   -2.810000     0.170359
   -2.800000     0.171973
   -2.790000     0.173601
   -2.780000     0.175244
   -2.770000     0.176901
   -2.760000     0.178573
   -2.750000     0.180260
   -2.740000     0.181962
   -2.730000     0.183678
   -2.720000     0.185410
   -2.710000     0.187158
   -2.700000     0.188920
   -2.690000     0.190698
   -2.680000     0.192492
   -2.670000     0.194301
   -2.660000     0.196126
   -2.650000     0.197967
   -2.640000     0.199824
   -2.630000     0.201697
   -2.620000     0.203587
   -2.610000     0.205493
   -2.600000     0.207415
   -2.590000     0.209354
   -2.580000     0.211310
   -2.570000     0.213283
   -2.560000     0.215273
   -2.550000     0.217279
   -2.540000     0.219304
   -2.530000     0.221345
   -2.520000     0.223404
   -2.510000     0.225480
   -2.500000     0.227575
   -2.490000     0.229687
   -2.480000     0.231817
   -2.470000     0.233965
   -2.460000     0.236131
   -2.450000     0.238316
   -2.440000     0.240519
   -2.430000     0.242740
   -2.420000     0.244981
   -2.410000     0.247240
   -2.400000     0.249518
   -2.390000     0.251815
   -2.380000     0.254132
   -2.370000     0.256467
   -2.360000     0.258823
   -2.350000     0.261197
   -2.340000     0.263592
   -2.330000     0.266006
   -2.320000     0.268440
   -2.310000     0.270894
   -2.300000     0.273369
   -2.290000     0.275864
   -2.280000     0.278379
   -2.270000     0.280915
   -2.260000     0.283471
   -2.250000     0.286048
   -2.240000     0.288647
   -2.230000     0.291266
   -2.220000     0.293906
   -2.210000     0.296568
   -2.200000     0.299251
   -2.190000     0.301956
   -2.180000     0.304683
   -2.170000     0.307431
   -2.160000     0.310201
   -2.150000     0.312994
   -2.140000     0.315808
   -2.130000     0.318645
   -2.120000     0.321504
   -2.110000     0.324386
   -2.100000     0.327290
   -2.090000     0.330218
   -2.080000     0.333168
   -2.070000     0.336141
   -2.060000     0.339137
   -2.050000     0.342157
   -2.040000     0.345200
   -2.030000     0.348267
   -2.020000     0.351357
   -2.010000     0.354471
   -2.000000     0.357609
   -1.990000     0.360771
   -1.980000     0.363957
   -1.970000     0.367167
   -1.960000     0.370401
   -1.950000     0.373660
   -1.940000     0.376944
   -1.930000     0.380252
   -1.920000     0.383585
   -1.910000     0.386943
   -1.900000     0.390325
   -1.890000     0.393733
   -1.880000     0.397167
   -1.870000     0.400625
   -1.860000     0.404109
   -1.850000     0.407619
   -1.840000     0.411154
   -1.830000     0.414715
   -1.820000     0.418302
   -1.810000     0.421914
   -1.800000     0.425553
   -1.790000     0.429218
   -1.780000     0.432909
   -1.770000     0.436627
   -1.760000     0.440371
   -1.750000     0.444142
   -1.740000     0.447939
   -1.730000     0.451763
   -1.720000     0.455613
   -1.710000     0.459491
   -1.700000     0.463396
   -1.690000     0.467328
   -1.680000     0.471286
   -1.670000     0.475273
   -1.660000     0.479286
   -1.650000     0.483327
   -1.640000     0.487395
   -1.630000     0.491491
   -1.620000     0.495615
   -1.610000     0.499766
   -1.600000     0.503945
   -1.590000     0.508152
   -1.580000     0.512386
   -1.570000     0.516649
   -1.560000     0.520940
   -1.550000     0.525259
   -1.540000     0.529606
   -1.530000     0.533981
   -1.520000     0.538385
   -1.510000     0.542816
   -1.500000     0.547277
   -1.490000     0.551765
   -1.480000     0.556282
   -1.470000     0.560828
   -1.460000     0.565402
   -1.450000     0.570005
   -1.440000     0.574636
   -1.430000     0.579296
   -1.420000     0.583985
   -1.410000     0.588702
   -1.400000     0.593448
   -1.390000     0.598223
   -1.380000     0.603027
   -1.370000     0.607860
   -1.360000     0.612721
   -1.350000     0.617611
   -1.340000     0.622530
   -1.330000     0.627478
   -1.320000     0.632455
   -1.310000     0.637461
   -1.300000     0.642495
   -1.290000     0.647558
   -1.280000     0.652651
   -1.270000     0.657772
   -1.260000     0.662922
   -1.250000     0.668100
   -1.240000     0.673308
   -1.230000     0.678544
   -1.220000     0.683809
   -1.210000     0.689103
   -1.200000     0.694426
   -1.190000     0.699777
   -1.180000     0.705157
   -1.170000     0.710565
   -1.160000     0.716002
   -1.150000     0.721467
   -1.140000     0.726961
   -1.130000     0.732483
   -1.120000     0.738034
   -1.110000     0.743613
   -1.100000     0.749220
   -1.090000     0.754855
   -1.080000     0.760518
   -1.070000     0.766209
   -1.060000     0.771928
   -1.050000     0.777675
   -1.040000     0.783450
   -1.030000     0.789252
   -1.020000     0.795082
   -1.010000     0.800940
   -1.000000     0.806824
   -0.990000     0.812736
   -0.980000     0.818675
   -0.970000     0.824642
   -0.960000     0.830635
   -0.950000     0.836654
   -0.940000     0.842701
   -0.930000     0.848774
   -0.920000     0.854874
   -0.910000     0.861000
   -0.900000     0.867151
   -0.890000     0.873329
   -0.880000     0.879533
   -0.870000     0.885763
   -0.860000     0.892018
   -0.850000     0.898299
   -0.840000     0.904604
   -0.830000     0.910935
   -0.820000     0.917291
   -0.810000     0.923671
   -0.800000     0.930077
   -0.790000     0.936506
   -0.780000     0.942960
   -0.770000     0.949437
   -0.760000     0.955939
   -0.750000     0.962464
   -0.740000     0.969012
   -0.730000     0.975584
   -0.720000     0.982179
   -0.710000     0.988797
   -0.700000     0.995437
   -0.690000     1.002099
   -0.680000     1.008784
   -0.670000     1.015491
   -0.660000     1.022219
   -0.650000     1.028969
   -0.640000     1.035740
   -0.630000     1.042532
   -0.620000     1.049344
   -0.610000     1.056178
   -0.600000     1.063031
   -0.590000     1.069905
   -0.580000     1.076798
   -0.570000     1.083710
   -0.560000     1.090642
   -0.550000     1.097593
   -0.540000     1.104563
   -0.530000     1.111551
   -0.520000     1.118557
   -0.510000     1.125581
   -0.500000     1.132622
   -0.490000     1.139681
   -0.480000     1.146756
   -0.470000     1.153849
   -0.460000     1.160957
   -0.450000     1.168082
   -0.440000     1.175223
   -0.430000     1.182379
   -0.420000     1.189550
   -0.410000     1.196736
   -0.400000     1.203937
   -0.390000     1.211152
   -0.380000     1.218381
   -0.370000     1.225623
   -0.360000     1.232879
   -0.350000     1.240147
   -0.340000     1.247428
   -0.330000     1.254722
   -0.320000     1.262027
   -0.310000     1.269344
   -0.300000     1.276672
   -0.290000     1.284012
   -0.280000     1.291361
   -0.270000     1.298721
   -0.260000     1.306091
   -0.250000     1.313470
   -0.240000     1.320859
   -0.230000     1.328256
   -0.220000     1.335662
   -0.210000     1.343076
   -0.200000     1.350498
   -0.190000     1.357927
   -0.180000     1.365363
   -0.170000     1.372806
   -0.160000     1.380255
   -0.150000     1.387710
   -0.140000     1.395171
   -0.130000     1.402637
   -0.120000     1.410108
   -0.110000     1.417583
   -0.100000     1.425062
   -0.090000     1.432546
   -0.080000     1.440032
   -0.070000     1.447521
   -0.060000     1.455013
   -0.050000     1.462508
   -0.040000     1.470004
   -0.030000     1.477502
   -0.020000     1.485000
   -0.010000     1.492500
    0.000000     1.500000
    0.010000     1.507500
    0.020000     1.515000
    0.030000     1.522498
    0.040000     1.529996
    0.050000     1.537492
    0.060000     1.544987
    0.070000     1.552479
    0.080000     1.559968
    0.090000     1.567454
    0.100000     1.574938
    0.110000     1.582417
    0.120000     1.589892
    0.130000     1.597363
    0.140000     1.604829
    0.150000     1.612290
    0.160000     1.619745
    0.170000     1.627194
    0.180000     1.634637
    0.190000     1.642073
    0.200000     1.649502
    0.210000     1.656924
    0.220000     1.664338
    0.230000     1.671744
    0.240000     1.679141
    0.250000     1.686530
    0.260000     1.693909
    0.270000     1.701279
    0.280000     1.708639
    0.290000     1.715988
    0.300000     1.723328
    0.310000     1.730656
    0.320000     1.737973
    0.330000     1.745278
    0.340000     1.752572
    0.350000     1.759853
    0.360000     1.767121
    0.370000     1.774377
    0.380000     1.781619
    0.390000     1.788848
    0.400000     1.796063
    0.410000     1.803264
    0.420000     1.810450
    0.430000     1.817621
    0.440000     1.824777
    0.450000     1.831918
    0.460000     1.839043
    0.470000     1.846151
    0.480000     1.853244
    0.490000     1.860319
    0.500000     1.867378
    0.510000     1.874419
    0.520000     1.881443
    0.530000     1.888449
    0.540000     1.895437
    0.550000     1.902407
    0.560000     1.909358
    0.570000     1.916290
    0.580000     1.923202
    0.590000     1.930095
    0.600000     1.936969
    0.610000     1.943822
    0.620000     1.950656
    0.630000     1.957468
    0.640000     1.964260
    0.650000     1.971031
    0.660000     1.977781
    0.670000     1.984509
    0.680000     1.991216
    0.690000     1.997901
    0.700000     2.004563
    0.710000     2.011203
    0.720000     2.017821
    0.730000     2.024416
    0.740000     2.030988
    0.750000     2.037536
    0.760000     2.044061
    0.770000     2.050563
    0.780000     2.057040
    0.790000     2.063494
    0.800000     2.069923
    0.810000     2.076329
    0.820000     2.082709
    0.830000     2.089065
    0.840000     2.095396
    0.850000     2.101701
    0.860000     2.107982
    0.870000     2.114237
    0.880000     2.120467
    0.890000     2.126671
    0.900000     2.132849
    0.910000     2.139000
    0.920000     2.145126
    0.930000     2.151226
    0.940000     2.157299
    0.950000     2.163346
    0.960000     2.169365
    0.970000     2.175358
    0.980000     2.181325
    0.990000     2.187264
    1.000000     2.193176
    1.010000     2.199060
    1.020000     2.204918
    1.030000     2.210748
    1.040000     2.216550
    1.050000     2.222325
    1.060000     2.228072
    1.070000     2.233791
    1.080000     2.239482
    1.090000     2.245145
    1.100000     2.250780
    1.110000     2.256387
    1.120000     2.261966
    1.130000     2.267517
    1.140000     2.273039
    1.150000     2.278533
    1.160000     2.283998
    1.170000     2.289435
    1.180000     2.294843
    1.190000     2.300223
    1.200000     2.305574
    1.210000     2.310897
    1.220000     2.316191
    1.230000     2.321456
    1.240000     2.326692
    1.250000     2.331900
    1.260000     2.337078
    1.270000     2.342228
    1.280000     2.347349
    1.290000     2.352442
    1.300000     2.357505
    1.310000     2.362539
    1.320000     2.367545
    1.330000     2.372522
    1.340000     2.377470
    1.350000     2.382389
    1.360000     2.387279
    1.370000     2.392140
    1.380000     2.396973
    1.390000     2.401777
    1.400000     2.406552
    1.410000     2.411298
    1.420000     2.416015
    1.430000     2.420704
    1.440000     2.425364
    1.450000     2.429995
    1.460000     2.434598
    1.470000     2.439172
    1.480000     2.443718
    1.490000     2.448235
    1.500000     2.452723
    1.510000     2.457184
    1.520000     2.461615
    1.530000     2.466019
    1.540000     2.470394
    1.550000     2.474741
    1.560000     2.479060
    1.570000     2.483351
    1.580000     2.487614
    1.590000     2.491848
    1.600000     2.496055
    1.610000     2.500234
    1.620000     2.504385
    1.630000     2.508509
    1.640000     2.512605
    1.650000     2.516673
    1.660000     2.520714
    1.670000     2.524727
    1.680000     2.528714
    1.690000     2.532672
    1.700000     2.536604
    1.710000     2.540509
    1.720000     2.544387
    1.730000     2.548237
    1.740000     2.552061
    1.750000     2.555858
    1.760000     2.559629
    1.770000     2.563373
    1.780000     2.567091
    1.790000     2.570782
    1.800000     2.574447
    1.810000     2.578086
    1.820000     2.581698
    1.830000     2.585285
    1.840000     2.588846
    1.850000     2.592381
    1.860000     2.595891
    1.870000     2.599375
    1.880000     2.602833
    1.890000     2.606267
    1.900000     2.609675
    1.910000     2.613057
    1.920000     2.616415
    1.930000     2.619748
    1.940000     2.623056
    1.950000     2.626340
    1.960000     2.629599
    1.970000     2.632833
    1.980000     2.636043
    1.990000     2.639229
    2.000000     2.642391
    2.010000     2.645529
    2.020000     2.648643
    2.030000     2.651733
    2.040000     2.654800
    2.050000     2.657843
    2.060000     2.660863
    2.070000     2.663859
    2.080000     2.666832
    2.090000     2.669782
    2.100000     2.672710
    2.110000     2.675614
    2.120000     2.678496
    2.130000     2.681355
    2.140000     2.684192
    2.150000     2.687006
    2.160000     2.689799
    2.170000     2.692569
    2.180000     2.695317
    2.190000     2.698044
    2.200000     2.700749
    2.210000     2.703432
    2.220000     2.706094
    2.230000     2.708734
    2.240000     2.711353
    2.250000     2.713952
    2.260000     2.716529
    2.270000     2.719085
    2.280000     2.721621
    2.290000     2.724136
    2.300000     2.726631
    2.310000     2.729106
    2.320000     2.731560
    2.330000     2.733994
    2.340000     2.736408
    2.350000     2.738803
    2.360000     2.741177
    2.370000     2.743533
    2.380000     2.745868
    2.390000     2.748185
    2.400000     2.750482
    2.410000     2.752760
    2.420000     2.755019
    2.430000     2.757260
    2.440000     2.759481
    2.450000     2.761684
    2.460000     2.763869
    2.470000     2.766035
    2.480000     2.768183
    2.490000     2.770313
    2.500000     2.772425
    2.510000     2.774520
    2.520000     2.776596
    2.530000     2.778655
    2.540000     2.780696
    2.550000     2.782721
    2.560000     2.784727
    2.570000     2.786717
    2.580000     2.788690
    2.590000     2.790646
    2.600000     2.792585
    2.610000     2.794507
    2.620000     2.796413
    2.630000     2.798303
    2.640000     2.800176
    2.650000     2.802033
    2.660000     2.803874
    2.670000     2.805699
    2.680000     2.807508
    2.690000     2.809302
    2.700000     2.811080
    2.710000     2.812842
    2.720000     2.814590
    2.730000     2.816322
    2.740000     2.818038
    2.750000     2.819740
    2.760000     2.821427
    2.770000     2.823099
    2.780000     2.824756
    2.790000     2.826399
    2.800000     2.828027
    2.810000     2.829641
    2.820000     2.831241
    2.830000     2.832827
    2.840000     2.834398
    2.850000     2.835956
    2.860000     2.837500
    2.870000     2.839030
    2.880000     2.840547
    2.890000     2.842050
    2.900000     2.843539
    2.910000     2.845016
    2.920000     2.846479
    2.930000     2.847929
    2.940000     2.849366
    2.950000     2.850790
    2.960000     2.852202
    2.970000     2.853601
    2.980000     2.854987
    2.990000     2.856361
    3.000000     2.857722
    3.010000     2.859072
    3.020000     2.860409
    3.030000     2.861734
    3.040000     2.863046
    3.050000     2.864348
    3.060000     2.865637
    3.070000     2.866915
    3.080000     2.868181
    3.090000     2.869435
    3.100000     2.870678
    3.110000     2.871910
    3.120000     2.873131
    3.130000     2.874340
    3.140000     2.875539
    3.150000     2.876726
    3.160000     2.877903
    3.170000     2.879069
    3.180000     2.880224
    3.190000     2.881369
    3.200000     2.882503
    3.210000     2.883627
    3.220000     2.884740
    3.230000     2.885843
    3.240000     2.886936
    3.250000     2.888019
    3.260000     2.889092
    3.270000     2.890156
    3.280000     2.891209
    3.290000     2.892252
    3.300000     2.893286
    3.310000     2.894311
    3.320000     2.895326
    3.330000     2.896331
    3.340000     2.897328
    3.350000     2.898315
    3.360000     2.899292
    3.370000     2.900261
    3.380000     2.901221
    3.390000     2.902172
    3.400000     2.903114
    3.410000     2.904047
    3.420000     2.904971
    3.430000     2.905887
    3.440000     2.906795
    3.450000     2.907693
    3.460000     2.908584
    3.470000     2.909466
    3.480000     2.910340
    3.490000     2.911206
    3.500000     2.912063
    3.510000     2.912913
    3.520000     2.913755
    3.530000     2.914588
    3.540000     2.915414
    3.550000     2.916232
    3.560000     2.917043
    3.570000     2.917846
    3.580000     2.918641
    3.590000     2.919429
    3.600000     2.920209
    3.610000     2.920982
    3.620000     2.921748
    3.630000     2.922506
    3.640000     2.923258
    3.650000     2.924002
    3.660000     2.924739
    3.670000     2.925469
    3.680000     2.926193
    3.690000     2.926909
    3.700000     2.927619
    3.710000     2.928322
    3.720000     2.929018
    3.730000     2.929708
    3.740000     2.930391
    3.750000     2.931068
    3.760000     2.931738
    3.770000     2.932402
    3.780000     2.933060
    3.790000     2.933711
    3.800000     2.934356
    3.810000     2.934995
    3.820000     2.935628
    3.830000     2.936255
    3.840000     2.936876
    3.850000     2.937491
    3.860000     2.938100
    3.870000     2.938703
    3.880000     2.939301
    3.890000     2.939893
    3.900000     2.940479
    3.910000     2.941060
    3.920000     2.941635
    3.930000     2.942204
    3.940000     2.942768
    3.950000     2.943327
    3.960000     2.943880
    3.970000     2.944429
    3.980000     2.944971
    3.990000     2.945509
    4.000000     2.946041
    4.010000     2.946569
    4.020000     2.947091
    4.030000     2.947608
    4.040000     2.948121
    4.050000     2.948628
    4.060000     2.949130
    4.070000     2.949628
    4.080000     2.950121
    4.090000     2.950609
    4.100000     2.951093
    4.110000     2.951571
    4.120000     2.952045
    4.130000     2.952515
    4.140000     2.952980
    4.150000     2.953441
    4.160000     2.953897
    4.170000     2.954349
    4.180000     2.954796
    4.190000     2.955239
    4.200000     2.955678
    4.210000     2.956112
    4.220000     2.956543
    4.230000     2.956969
    4.240000     2.957391
    4.250000     2.957809
    4.260000     2.958223
    4.270000     2.958633
    4.280000     2.959039
    4.290000     2.959441
    4.300000     2.959839
    4.310000     2.960234
    4.320000     2.960624
    4.330000     2.961011
    4.340000     2.961394
    4.350000     2.961773
    4.360000     2.962149
    4.370000     2.962520
    4.380000     2.962889
    4.390000     2.963253
    4.400000     2.963615
    4.410000     2.963972
    4.420000     2.964327
    4.430000     2.964677
    4.440000     2.965025
    4.450000     2.965369
    4.460000     2.965709
    4.470000     2.966047
    4.480000     2.966381
    4.490000     2.966712
    4.500000     2.967039
    4.510000     2.967364
    4.520000     2.967685
    4.530000     2.968003
    4.540000     2.968318
    4.550000     2.968630
    4.560000     2.968939
    4.570000     2.969245
    4.580000     2.969548
    4.590000     2.969848
    4.600000     2.970145
    4.610000     2.970439
    4.620000     2.970730
    4.630000     2.971018
    4.640000     2.971304
    4.650000     2.971587
    4.660000     2.971867
    4.670000     2.972144
    4.680000     2.972419
    4.690000     2.972691
    4.700000     2.972960
    4.710000     2.973227
    4.720000     2.973491
    4.730000     2.973752
    4.740000     2.974011
    4.750000     2.974268
    4.760000     2.974521
    4.770000     2.974773
    4.780000     2.975022
    4.790000     2.975268
    4.800000     2.975512
    4.810000     2.975754
    4.820000     2.975993
    4.830000     2.976230
    4.840000     2.976465
    4.850000     2.976697
    4.860000     2.976927
    4.870000     2.977155
    4.880000     2.977381
    4.890000     2.977604
    4.900000     2.977825
    4.910000     2.978044
    4.920000     2.978261
    4.930000     2.978476
    4.940000     2.978689
    4.950000     2.978899
    4.960000     2.979108
    4.970000     2.979314
    4.980000     2.979519
    4.990000     2.979721
    5.000000     2.979921
    5.010000     2.980120
    5.020000     2.980316
    5.030000     2.980511
    5.040000     2.980704
    5.050000     2.980894
    5.060000     2.981083
    5.070000     2.981270
    5.080000     2.981456
    5.090000     2.981639
    5.100000     2.981821
    5.110000     2.982000
    5.120000     2.982178
    5.130000     2.982355
    5.140000     2.982529
    5.150000     2.982702
    5.160000     2.982873
    5.170000     2.983043
    5.180000     2.983210
    5.190000     2.983377
    5.200000     2.983541
    5.210000     2.983704
    5.220000     2.983865
    5.230000     2.984025
    5.240000     2.984183
    5.250000     2.984340
    5.260000     2.984495
    5.270000     2.984648
    5.280000     2.984800
    5.290000     2.984951
    5.300000     2.985100
    5.310000     2.985247
    5.320000     2.985393
    5.330000     2.985538
    5.340000     2.985681
    5.350000     2.985823
    5.360000     2.985963
    5.370000     2.986102
    5.380000     2.986240
    5.390000     2.986376
    5.400000     2.986511
    5.410000     2.986645
    5.420000     2.986777
    5.430000     2.986908
    5.440000     2.987038
    5.450000     2.987166
    5.460000     2.987293
    5.470000     2.987419
    5.480000     2.987544
    5.490000     2.987667
    5.500000     2.987790
    5.510000     2.987911
    5.520000     2.988030
    5.530000     2.988149
    5.540000     2.988266
    5.550000     2.988383
    5.560000     2.988498
    5.570000     2.988612
    5.580000     2.988725
    5.590000     2.988837
    5.600000     2.988947
    5.610000     2.989057
    5.620000     2.989165
    5.630000     2.989273
    5.640000     2.989379
    5.650000     2.989484
    5.660000     2.989589
    5.670000     2.989692
    5.680000     2.989794
    5.690000     2.989895
    5.700000     2.989996
    5.710000     2.990095
    5.720000     2.990193
    5.730000     2.990290
    5.740000     2.990387
    5.750000     2.990482
    5.760000     2.990576
    5.770000     2.990670
    5.780000     2.990762
    5.790000     2.990854
    5.800000     2.990945
    5.810000     2.991035
    5.820000     2.991124
    5.830000     2.991212
    5.840000     2.991299
    5.850000     2.991385
    5.860000     2.991471
    5.870000     2.991555
    5.880000     2.991639
    5.890000     2.991722
    5.900000     2.991804
    5.910000     2.991885
    5.920000     2.991966
    5.930000     2.992046
    5.940000     2.992125
    5.950000     2.992203
    5.960000     2.992280
    5.970000     2.992357
    5.980000     2.992433
    5.990000     2.992508
    6.000000     2.992582
    6.010000     2.992656
    6.020000     2.992729
    6.030000     2.992801
    6.040000     2.992872
    6.050000     2.992943
    6.060000     2.993013
    6.070000     2.993082
    6.080000     2.993151
    6.090000     2.993219
    6.100000     2.993286
    6.110000     2.993353
    6.120000     2.993419
    6.130000     2.993484
    6.140000     2.993549
    6.150000     2.993613
    6.160000     2.993677
    6.170000     2.993739
    6.180000     2.993802
    6.190000     2.993863
    6.200000     2.993924
    6.210000     2.993984
    6.220000     2.994044
    6.230000     2.994103
    6.240000     2.994162
    6.250000     2.994220
    6.260000     2.994277
    6.270000     2.994334
    6.280000     2.994390
    6.290000     2.994446
    6.300000     2.994501
    6.310000     2.994556
    6.320000     2.994610
    6.330000     2.994663
    6.340000     2.994716
    6.350000     2.994769
    6.360000     2.994821
    6.370000     2.994872
    6.380000     2.994923
    6.390000     2.994974
    6.400000     2.995024
    6.410000     2.995073
    6.420000     2.995122
    6.430000     2.995170
    6.440000     2.995218
    6.450000     2.995266
    6.460000     2.995313
    6.470000     2.995360
    6.480000     2.995406
    6.490000     2.995451
    6.500000     2.995496
    6.510000     2.995541
    6.520000     2.995585
    6.530000     2.995629
    6.540000     2.995673
    6.550000     2.995716
    6.560000     2.995758
    6.570000     2.995800
    6.580000     2.995842
    6.590000     2.995884
    6.600000     2.995924
    6.610000     2.995965
    6.620000     2.996005
    6.630000     2.996045
    6.640000     2.996084
    6.650000     2.996123
    6.660000     2.996161
    6.670000     2.996200
    6.680000     2.996237
    6.690000     2.996275
    6.700000     2.996312
    6.710000     2.996348
    6.720000     2.996385
    6.730000     2.996421
    6.740000     2.996456
    6.750000     2.996491
    6.760000     2.996526
    6.770000     2.996561
    6.780000     2.996595
    6.790000     2.996629
    6.800000     2.996662
    6.810000     2.996696
    6.820000     2.996728
    6.830000     2.996761
    6.840000     2.996793
    6.850000     2.996825
    6.860000     2.996857
    6.870000     2.996888
    6.880000     2.996919
    6.890000     2.996949
    6.900000     2.996980
    6.910000     2.997010
    6.920000     2.997039
    6.930000     2.997069
    6.940000     2.997098
    6.950000     2.997127
    6.960000     2.997155
    6.970000     2.997184
    6.980000     2.997212
    6.990000     2.997239
    7.000000     2.997267
    7.010000     2.997294
    7.020000     2.997321
    7.030000     2.997348
    7.040000     2.997374
    7.050000     2.997400
    7.060000     2.997426
    7.070000     2.997451
    7.080000     2.997477
    7.090000     2.997502
    7.100000     2.997527
    7.110000     2.997551
    7.120000     2.997576
    7.130000     2.997600
    7.140000     2.997624
    7.150000     2.997647
    7.160000     2.997671
    7.170000     2.997694
    7.180000     2.997717
    7.190000     2.997739
    7.200000     2.997762
    7.210000     2.997784
    7.220000     2.997806
    7.230000     2.997828
    7.240000     2.997850
    7.250000     2.997871
    7.260000     2.997892
    7.270000     2.997913
    7.280000     2.997934
    7.290000     2.997954
    7.300000     2.997975
    7.310000     2.997995
    7.320000     2.998015
    7.330000     2.998035
    7.340000     2.998054
    7.350000     2.998073
    7.360000     2.998093
    7.370000     2.998112
    7.380000     2.998130
    7.390000     2.998149
    7.400000     2.998167
    7.410000     2.998186
    7.420000     2.998204
    7.430000     2.998221
    7.440000     2.998239
    7.450000     2.998257
    7.460000     2.998274
    7.470000     2.998291
    7.480000     2.998308
    7.490000     2.998325
    7.500000     2.998342
    7.510000     2.998358
    7.520000     2.998374
    7.530000     2.998391
    7.540000     2.998407
    7.550000     2.998422
    7.560000     2.998438
    7.570000     2.998454
    7.580000     2.998469
    7.590000     2.998484
    7.600000     2.998499
    7.610000     2.998514
    7.620000     2.998529
    7.630000     2.998544
    7.640000     2.998558
    7.650000     2.998573
    7.660000     2.998587
    7.670000     2.998601
    7.680000     2.998615
    7.690000     2.998628
    7.700000     2.998642
    7.710000     2.998656
    7.720000     2.998669
    7.730000     2.998682
    7.740000     2.998695
    7.750000     2.998708
    7.760000     2.998721
    7.770000     2.998734
    7.780000     2.998746
    7.790000     2.998759
    7.800000     2.998771
    7.810000     2.998784
    7.820000     2.998796
    7.830000     2.998808
    7.840000     2.998819
    7.850000     2.998831
    7.860000     2.998843
    7.870000     2.998854
    7.880000     2.998866
    7.890000     2.998877
    7.900000     2.998888
    7.910000     2.998899
    7.920000     2.998910
    7.930000     2.998921
    7.940000     2.998932
    7.950000     2.998942
    7.960000     2.998953
    7.970000     2.998963
    7.980000     2.998974
    7.990000     2.998984
    8.000000     2.998994
