   -8.000000    -2.000000
   -7.990000    -1.999166
   -7.980000    -1.998332
   -7.970000    -1.997497
   -7.960000    -1.996661
   -7.950000    -1.995825
   -7.940000    -1.994987
   -7.930000    -1.994150
   -7.920000    -1.993311
   -7.910000    -1.992472
   -7.900000    -1.991632
   -7.890000    -1.990791
   -7.880000    -1.989950
   -7.870000    -1.989107
   -7.860000    -1.988265
   -7.850000    -1.987421
   -7.840000    -1.986577
   -7.830000    -1.985732
   -7.820000    -1.984886
   -7.810000    -1.984040
   -7.800000    -1.983192
   -7.790000    -1.982345
   -7.780000    -1.981496
   -7.770000    -1.980647
   -7.760000    -1.979797
   -7.750000    -1.978946
   -7.740000    -1.978094
   -7.730000    -1.977242
   -7.720000    -1.976389
   -7.710000    -1.975535
   -7.700000    -1.974681
   -7.690000    -1.973826
   -7.680000    -1.972970
   -7.670000    -1.972113
   -7.660000    -1.971256
   -7.650000    -1.970397
   -7.640000    -1.969538
   -7.630000    -1.968679
   -7.620000    -1.967818
   -7.610000    -1.966957
   -7.600000    -1.966095
   -7.590000    -1.965232
   -7.580000    -1.964369
   -7.570000    -1.963505
   -7.560000    -1.962640
   -7.550000    -1.961774
   -7.540000    -1.960908
   -7.530000    -1.960040
   -7.520000    -1.959172
   -7.510000    -1.958303
   -7.500000    -1.957434
   -7.490000    -1.956563
   -7.480000    -1.955692
   -7.470000    -1.954820
   -7.460000    -1.953948
   -7.450000    -1.953074
   -7.440000    -1.952200
   -7.430000    -1.951325
   -7.420000    -1.950449
   -7.410000    -1.949573
   -7.400000    -1.948695
   -7.390000    -1.947817
   -7.380000    -1.946938
   -7.370000    -1.946058
   -7.360000    -1.945178
   -7.350000    -1.944296
   -7.340000    -1.943414
   -7.330000    -1.942531
   -7.320000    -1.941647
   -7.310000    -1.940763
   -7.300000    -1.939877
   -7.290000    -1.938991
   -7.280000    -1.938104
   -7.270000    -1.937216
   -7.260000    -1.936328
   -7.250000    -1.935438
   -7.240000    -1.934548
   -7.230000    -1.933657
   -7.220000    -1.932765
   -7.210000    -1.931872
   -7.200000    -1.930979
   -7.190000    -1.930084
   -7.180000    -1.929189
   -7.170000    -1.928293
   -7.160000    -1.927396
   -7.150000    -1.926499
   -7.140000    -1.925600
   -7.130000    -1.924701
   -7.120000    -1.923800
   -7.110000    -1.922899
   -7.100000    -1.921997
   -7.090000    -1.921095
   -7.080000    -1.920191
   -7.070000    -1.919286
   -7.060000    -1.918381
   -7.050000    -1.917475
   -7.040000    -1.916568
   -7.030000    -1.915660
   -7.020000    -1.914751
   -7.010000    -1.913842
   -7.000000    -1.912931
   -6.990000    -1.912020
   -6.980000    -1.911108
   -6.970000    -1.910195
   -6.960000    -1.909281
   -6.950000    -1.908366
   -6.940000    -1.907450
   -6.930000    -1.906533
   -6.920000    -1.905616
   -6.910000    -1.904698
   -6.900000    -1.903778
   -6.890000    -1.902858
   -6.880000    -1.901937
   -6.870000    -1.901015
   -6.860000    -1.900092
   -6.850000    -1.899169
   -6.840000    -1.898244
   -6.830000    -1.897318
   -6.820000    -1.896392
   -6.810000    -1.895465
   -6.800000    -1.894536
   -6.790000    -1.893607
   -6.780000    -1.892677
   -6.770000    -1.891746
   -6.760000    -1.890814
   -6.750000    -1.889882
   -6.740000    -1.888948
   -6.730000    -1.888013
   -6.720000    -1.887078
   -6.710000    -1.886141
   -6.700000    -1.885204
   -6.690000    -1.884265
   -6.680000    -1.883326
   -6.670000    -1.882386
   -6.660000    -1.881444
   -6.650000    -1.880502
   -6.640000    -1.879559
   -6.630000    -1.878615
   -6.620000    -1.877670
   -6.610000    -1.876724
   -6.600000    -1.875777
   -6.590000    -1.874830
   -6.580000    -1.873881
   -6.570000    -1.872931
   -6.560000    -1.871980
   -6.550000    -1.871029
   -6.540000    -1.870076
   -6.530000    -1.869122
   -6.520000    -1.868168
   -6.510000    -1.867212
   -6.500000    -1.866256
   -6.490000    -1.865298
   -6.480000    -1.864340
   -6.470000    -1.863380
   -6.460000    -1.862419
   -6.450000    -1.861458
   -6.440000    -1.860495
   -6.430000    -1.859532
   -6.420000    -1.858568
   -6.410000    -1.857602
   -6.400000    -1.856636
   -6.390000    -1.855668
   -6.380000    -1.854700
   -6.370000    -1.853730
   -6.360000    -1.852759
   -6.350000    -1.851788
   -6.340000    -1.850815
   -6.330000    -1.849842
   -6.320000    -1.848867
   -6.310000    -1.847891
   -6.300000    -1.846915
   -6.290000    -1.845937
   -6.280000    -1.844958
   -6.270000    -1.843978
   -6.260000    -1.842998
   -6.250000    -1.842016
   -6.240000    -1.841033
   -6.230000    -1.840049
   -6.220000    -1.839064
   -6.210000    -1.838078
   -6.200000    -1.837091
   -6.190000    -1.836102
   -6.180000    -1.835113
   -6.170000    -1.834123
   -6.160000    -1.833131
   -6.150000    -1.832139
   -6.140000    -1.831145
   -6.130000    -1.830151
   -6.120000    -1.829155
   -6.110000    -1.828158
   -6.100000    -1.827160
   -6.090000    -1.826161
   -6.080000    -1.825161
   -6.070000    -1.824160
   -6.060000    -1.823158
   -6.050000    -1.822154
   -6.040000    -1.821150
   -6.030000    -1.820144
   -6.020000    -1.819137
   -6.010000    -1.818130
   -6.000000    -1.817121
   -5.990000    -1.816111
   -5.980000    -1.815099
   -5.970000    -1.814087
   -5.960000    -1.813074
   -5.950000    -1.812059
   -5.940000    -1.811043
   -5.930000    -1.810026
   -5.920000    -1.809008
   -5.910000    -1.807989
   -5.900000    -1.806969
   -5.890000    -1.805947
   -5.880000    -1.804925
   -5.870000    -1.803901
   -5.860000    -1.802876
   -5.850000    -1.801850
   -5.840000    -1.800823
   -5.830000    -1.799794
   -5.820000    -1.798765
   -5.810000    -1.797734
   -5.800000    -1.796702
   -5.790000    -1.795669
   -5.780000    -1.794634
   -5.770000    -1.793599
   -5.760000    -1.792562
   -5.750000    -1.791524
   -5.740000    -1.790485
   -5.730000    -1.789444
   -5.720000    -1.788403
   -5.710000    -1.787360
   -5.700000    -1.786316
   -5.690000    -1.785271
   -5.680000    -1.784224
   -5.670000    -1.783177
   -5.660000    -1.782128
   -5.650000    -1.781077
   -5.640000    -1.780026
   -5.630000    -1.778973
   -5.620000    -1.777920
   -5.610000    -1.776864
   -5.600000    -1.775808
   -5.590000    -1.774750
   -5.580000    -1.773691
   -5.570000    -1.772631
   -5.560000    -1.771570
   -5.550000    -1.770507
   -5.540000    -1.769443
   -5.530000    -1.768378
   -5.520000    -1.767311
   -5.510000    -1.766243
   -5.500000    -1.765174
   -5.490000    -1.764104
   -5.480000    -1.763032
   -5.470000    -1.761959
   -5.460000    -1.760885
   -5.450000    -1.759809
   -5.440000    -1.758732
   -5.430000    -1.757654
   -5.420000    -1.756574
   -5.410000    -1.755493
   -5.400000    -1.754411
   -5.390000    -1.753327
   -5.380000    -1.752242
   -5.370000    -1.751156
   -5.360000    -1.750068
   -5.350000    -1.748979
   -5.340000    -1.747889
   -5.330000    -1.746797
   -5.320000    -1.745704
   -5.310000    -1.744609
   -5.300000    -1.743513
   -5.290000    -1.742416
   -5.280000    -1.741318
   -5.270000    -1.740218
   -5.260000    -1.739116
   -5.250000    -1.738013
   -5.240000    -1.736909
   -5.230000    -1.735804
   -5.220000    -1.734696
   -5.210000    -1.733588
   -5.200000    -1.732478
   -5.190000    -1.731367
   -5.180000    -1.730254
   -5.170000    -1.729140
   -5.160000    -1.728025
   -5.150000    -1.726908
   -5.140000    -1.725789
   -5.130000    -1.724669
   -5.120000    -1.723548
   -5.110000    -1.722425
   -5.100000    -1.721301
   -5.090000    -1.720175
   -5.080000    -1.719048
   -5.070000    -1.717919
   -5.060000    -1.716789
   -5.050000    -1.715657
   -5.040000    -1.714524
   -5.030000    -1.713389
   -5.020000    -1.712253
   -5.010000    -1.711115
   -5.000000    -1.709976
   -4.990000    -1.708835
   -4.980000    -1.707693
   -4.970000    -1.706549
   -4.960000    -1.705404
   -4.950000    -1.704257
   -4.940000    -1.703108
   -4.930000    -1.701959
   -4.920000    -1.700807
   -4.910000    -1.699654
   -4.900000    -1.698499
   -4.890000    -1.697343
   -4.880000    -1.696185
   -4.870000    -1.695026
   -4.860000    -1.693865
   -4.850000    -1.692702
   -4.840000    -1.691538
   -4.830000    -1.690372
   -4.820000    -1.689205
   -4.810000    -1.688036
   -4.800000    -1.686865
   -4.790000    -1.685693
   -4.780000    -1.684519
   -4.770000    -1.683344
   -4.760000    -1.682167
   -4.750000    -1.680988
   -4.740000    -1.679807
   -4.730000    -1.678625
   -4.720000    -1.677441
   -4.710000    -1.676256
   -4.700000    -1.675069
   -4.690000    -1.673880
   -4.680000    -1.672689
   -4.670000    -1.671497
   -4.660000    -1.670303
   -4.650000    -1.669108
   -4.640000    -1.667910
   -4.630000    -1.666711
   -4.620000    -1.665510
   -4.610000    -1.664308
   -4.600000    -1.663103
   -4.590000    -1.661897
   -4.580000    -1.660690
   -4.570000    -1.659480
   -4.560000    -1.658269
   -4.550000    -1.657056
   -4.540000    -1.655841
   -4.530000    -1.654624
   -4.520000    -1.653406
   -4.510000    -1.652186
   -4.500000    -1.650964
   -4.490000    -1.649740
   -4.480000    -1.648514
   -4.470000    -1.647287
   -4.460000    -1.646057
   -4.450000    -1.644826
   -4.440000    -1.643593
   -4.430000    -1.642358
   -4.420000    -1.641122
   -4.410000    -1.639883
   -4.400000    -1.638643
   -4.390000    -1.637400
   -4.380000    -1.636156
   -4.370000    -1.634910
   -4.360000    -1.633662
   -4.350000    -1.632412
   -4.340000    -1.631160
   -4.330000    -1.629906
   -4.320000    -1.628651
   -4.310000    -1.627393
   -4.300000    -1.626133
   -4.290000    -1.624872
   -4.280000    -1.623608
   -4.270000    -1.622343
   -4.260000    -1.621075
   -4.250000    -1.619806
   -4.240000    -1.618534
   -4.230000    -1.617261
   -4.220000    -1.615986
   -4.210000    -1.614708
   -4.200000    -1.613429
   -4.190000    -1.612147
   -4.180000    -1.610864
   -4.170000    -1.609578
   -4.160000    -1.608290
   -4.150000    -1.607001
   -4.140000    -1.605709
   -4.130000    -1.604415
   -4.120000    -1.603119
   -4.110000    -1.601821
   -4.100000    -1.600521
   -4.090000    -1.599218
   -4.080000    -1.597914
   -4.070000    -1.596607
   -4.060000    -1.595299
   -4.050000    -1.593988
   -4.040000    -1.592675
   -4.030000    -1.591360
   -4.020000    -1.590042
   -4.010000    -1.588723
   -4.000000    -1.587401
   -3.990000    -1.586077
   -3.980000    -1.584751
   -3.970000    -1.583423
   -3.960000    -1.582092
   -3.950000    -1.580759
   -3.940000    -1.579424
   -3.930000    -1.578087
   -3.920000    -1.576747
   -3.910000    -1.575405
   -3.900000    -1.574061
   -3.890000    -1.572714
   -3.880000    -1.571366
   -3.870000    -1.570014
   -3.860000    -1.568661
   -3.850000    -1.567305
   -3.840000    -1.565947
   -3.830000    -1.564587
   -3.820000    -1.563224
   -3.810000    -1.561858
   -3.800000    -1.560491
   -3.790000    -1.559121
   -3.780000    -1.557748
   -3.770000    -1.556373
   -3.760000    -1.554996
   -3.750000    -1.553616
   -3.740000    -1.552234
   -3.730000    -1.550849
   -3.720000    -1.549462
   -3.710000    -1.548073
   -3.700000    -1.546680
   -3.690000    -1.545286
   -3.680000    -1.543889
   -3.670000    -1.542489
   -3.660000    -1.541087
   -3.650000    -1.539682
   -3.640000    -1.538274
   -3.630000    -1.536864
   -3.620000    -1.535452
   -3.610000    -1.534037
   -3.600000    -1.532619
   -3.590000    -1.531198
   -3.580000    -1.529775
   -3.570000    -1.528350
   -3.560000    -1.526921
   -3.550000    -1.525490
   -3.540000    -1.524057
   -3.530000    -1.522620
   -3.520000    -1.521181
   -3.510000    -1.519739
   -3.500000    -1.518294
   -3.490000    -1.516847
   -3.480000    -1.515397
   -3.470000    -1.513944
   -3.460000    -1.512488
   -3.450000    -1.511030
   -3.440000    -1.509568
   -3.430000    -1.508104
   -3.420000    -1.506637
   -3.410000    -1.505167
   -3.400000    -1.503695
   -3.390000    -1.502219
   -3.380000    -1.500740
   -3.370000    -1.499259
   -3.360000    -1.497774
   -3.350000    -1.496287
   -3.340000    -1.494797
   -3.330000    -1.493303
   -3.320000    -1.491807
   -3.310000    -1.490308
   -3.300000    -1.488806
   -3.290000    -1.487300
   -3.280000    -1.485792
   -3.270000    -1.484280
   -3.260000    -1.482766
   -3.250000    -1.481248
   -3.240000    -1.479727
   -3.230000    -1.478203
   -3.220000    -1.476676
   -3.210000    -1.475146
   -3.200000    -1.473613
   -3.190000    -1.472076
   -3.180000    -1.470536
   -3.170000    -1.468993
   -3.160000    -1.467447
   -3.150000    -1.465897
   -3.140000    -1.464344
   -3.130000    -1.462788
   -3.120000    -1.461229
   -3.110000    -1.459666
   -3.100000    -1.458100
   -3.090000    -1.456530
   -3.080000    -1.454957
   -3.070000    -1.453381
   -3.060000    -1.451801
   -3.050000    -1.450218
   -3.040000    -1.448631
   -3.030000    -1.447041
   -3.020000    -1.445447
   -3.010000    -1.443850
   -3.000000    -1.442250
   -2.990000    -1.440645
   -2.980000    -1.439037
   -2.970000    -1.437426
   -2.960000    -1.435811
   -2.950000    -1.434192
   -2.940000    -1.432570
   -2.930000    -1.430944
   -2.920000    -1.429314
   -2.910000    -1.427680
   -2.900000    -1.426043
   -2.890000    -1.424402
   -2.880000    -1.422757
   -2.870000    -1.421109
   -2.860000    -1.419456
   -2.850000    -1.417800
   -2.840000    -1.416140
   -2.830000    -1.414476
   -2.820000    -1.412808
   -2.810000    -1.411136
   -2.800000    -1.409460
   -2.790000    -1.407780
   -2.780000    -1.406096
   -2.770000    -1.404408
   -2.760000    -1.402716
   -2.750000    -1.401020
   -2.740000    -1.399319
   -2.730000    -1.397615
   -2.720000    -1.395906
   -2.710000    -1.394194
   -2.700000    -1.392477
   -2.690000    -1.390755
   -2.680000    -1.389030
   -2.670000    -1.387300
   -2.660000    -1.385566
   -2.650000    -1.383828
   -2.640000    -1.382085
   -2.630000    -1.380337
   -2.620000    -1.378586
   -2.610000    -1.376830
   -2.600000    -1.375069
   -2.590000    -1.373304
   -2.580000    -1.371534
   -2.570000    -1.369760
   -2.560000    -1.367981
   -2.550000    -1.366197
   -2.540000    -1.364409
   -2.530000    -1.362616
   -2.520000    -1.360818
   -2.510000    -1.359016
   -2.500000    -1.357209
   -2.490000    -1.355397
   -2.480000    -1.353580
   -2.470000    -1.351758
   -2.460000    -1.349931
   -2.450000    -1.348100
   -2.440000    -1.346263
   -2.430000    -1.344421
   -2.420000    -1.342575
   -2.410000    -1.340723
   -2.400000    -1.338866
   -2.390000    -1.337004
   -2.380000    -1.335136
   -2.370000    -1.333264
   -2.360000    -1.331386
   -2.350000    -1.329503
   -2.340000    -1.327614
   -2.330000    -1.325721
   -2.320000    -1.323821
   -2.310000    -1.321916
   -2.300000    -1.320006
   -2.290000    -1.318090
   -2.280000    -1.316169
   -2.270000    -1.314242
   -2.260000    -1.312309
   -2.250000    -1.310371
   -2.240000    -1.308427
   -2.230000    -1.306477
   -2.220000    -1.304521
   -2.210000    -1.302559
   -2.200000    -1.300591
   -2.190000    -1.298618
   -2.180000    -1.296638
   -2.170000    -1.294653
   -2.160000    -1.292661
   -2.150000    -1.290663
   -2.140000    -1.288659
   -2.130000    -1.286648
   -2.120000    -1.284632
   -2.110000    -1.282609
   -2.100000    -1.280579
   -2.090000    -1.278543
   -2.080000    -1.276501
   -2.070000    -1.274452
   -2.060000    -1.272396
   -2.050000    -1.270334
   -2.040000    -1.268265
   -2.030000    -1.266189
   -2.020000    -1.264107
   -2.010000    -1.262017
   -2.000000    -1.259921
   -1.990000    -1.257818
   -1.980000    -1.255707
   -1.970000    -1.253590
   -1.960000    -1.251465
   -1.950000    -1.249333
   -1.940000    -1.247194
   -1.930000    -1.245047
   -1.920000    -1.242893
   -1.910000    -1.240731
   -1.900000    -1.238562
   -1.890000    -1.236386
   -1.880000    -1.234201
   -1.870000    -1.232009
   -1.860000    -1.229809
   -1.850000    -1.227601
   -1.840000    -1.225385
   -1.830000    -1.223161
   -1.820000    -1.220929
   -1.810000    -1.218689
   -1.800000    -1.216440
   -1.790000    -1.214184
   -1.780000    -1.211918
   -1.770000    -1.209645
   -1.760000    -1.207362
   -1.750000    -1.205071
   -1.740000    -1.202771
   -1.730000    -1.200463
   -1.720000    -1.198145
   -1.710000    -1.195819
   -1.700000    -1.193483
   -1.690000    -1.191138
   -1.680000    -1.188784
   -1.670000    -1.186421
   -1.660000    -1.184048
   -1.650000    -1.181666
   -1.640000    -1.179274
   -1.630000    -1.176872
   -1.620000    -1.174460
   -1.610000    -1.172039
   -1.600000    -1.169607
   -1.590000    -1.167165
   -1.580000    -1.164713
   -1.570000    -1.162251
   -1.560000    -1.159778
   -1.550000    -1.157295
   -1.540000    -1.154800
   -1.530000    -1.152295
   -1.520000    -1.149779
   -1.510000    -1.147252
   -1.500000    -1.144714
   -1.490000    -1.142165
   -1.480000    -1.139604
   -1.470000    -1.137031
   -1.460000    -1.134447
   -1.450000    -1.131851
   -1.440000    -1.129243
   -1.430000    -1.126623
   -1.420000    -1.123991
   -1.410000    -1.121346
   -1.400000    -1.118689
   -1.390000    -1.116019
   -1.380000    -1.113336
   -1.370000    -1.110641
   -1.360000    -1.107932
   -1.350000    -1.105209
   -1.340000    -1.102474
   -1.330000    -1.099724
   -1.320000    -1.096961
   -1.310000    -1.094184
   -1.300000    -1.091393
   -1.290000    -1.088587
   -1.280000    -1.085767
   -1.270000    -1.082932
   -1.260000    -1.080082
   -1.250000    -1.077217
   -1.240000    -1.074337
   -1.230000    -1.071441
   -1.220000    -1.068530
   -1.210000    -1.065602
   -1.200000    -1.062659
   -1.190000    -1.059699
   -1.180000    -1.056722
   -1.170000    -1.053728
   -1.160000    -1.050718
   -1.150000    -1.047690
   -1.140000    -1.044644
   -1.130000    -1.041580
   -1.120000    -1.038499
   -1.110000    -1.035399
   -1.100000    -1.032280
   -1.090000    -1.029142
   -1.080000    -1.025986
   -1.070000    -1.022809
   -1.060000    -1.019613
   -1.050000    -1.016396
   -1.040000    -1.013159
   -1.030000    -1.009902
   -1.020000    -1.006623
   -1.010000    -1.003322
   -1.000000    -1.000000
   -0.990000    -0.996655
   -0.980000    -0.993288
   -0.970000    -0.989898
   -0.960000    -0.986485
   -0.950000    -0.983048
   -0.940000    -0.979586
   -0.930000    -0.976100
   -0.920000    -0.972589
   -0.910000    -0.969052
   -0.900000    -0.965489
   -0.890000    -0.961900
   -0.880000    -0.958284
   -0.870000    -0.954640
   -0.860000    -0.950969
   -0.850000    -0.947268
   -0.840000    -0.943539
   -0.830000    -0.939780
   -0.820000    -0.935990
   -0.810000    -0.932170
   -0.800000    -0.928318
   -0.790000    -0.924434
   -0.780000    -0.920516
   -0.770000    -0.916566
   -0.760000    -0.912581
   -0.750000    -0.908560
   -0.740000    -0.904504
   -0.730000    -0.900411
   -0.720000    -0.896281
   -0.710000    -0.892112
   -0.700000    -0.887904
   -0.690000    -0.883656
   -0.680000    -0.879366
   -0.670000    -0.875034
   -0.660000    -0.870659
   -0.650000    -0.866239
   -0.640000    -0.861774
   -0.630000    -0.857262
   -0.620000    -0.852702
   -0.610000    -0.848093
   -0.600000    -0.843433
   -0.590000    -0.838721
   -0.580000    -0.833955
   -0.570000    -0.829134
   -0.560000    -0.824257
   -0.550000    -0.819321
   -0.540000    -0.814325
   -0.530000    -0.809267
   -0.520000    -0.804145
   -0.510000    -0.798957
   -0.500000    -0.793701
   -0.490000    -0.788374
   -0.480000    -0.782974
   -0.470000    -0.777498
   -0.460000    -0.771944
   -0.450000    -0.766309
   -0.440000    -0.760590
   -0.430000    -0.754784
   -0.420000    -0.748887
   -0.410000    -0.742896
   -0.400000    -0.736806
   -0.390000    -0.730614
   -0.380000    -0.724316
   -0.370000    -0.717905
   -0.360000    -0.711379
   -0.350000    -0.704730
   -0.340000    -0.697953
   -0.330000    -0.691042
   -0.320000    -0.683990
   -0.310000    -0.676790
   -0.300000    -0.669433
   -0.290000    -0.661911
   -0.280000    -0.654213
   -0.270000    -0.646330
   -0.260000    -0.638250
   -0.250000    -0.629961
   -0.240000    -0.621447
   -0.230000    -0.612693
   -0.220000    -0.603681
   -0.210000    -0.594392
   -0.200000    -0.584804
   -0.190000    -0.574890
   -0.180000    -0.564622
   -0.170000    -0.553966
   -0.160000    -0.542884
   -0.150000    -0.531329
   -0.140000    -0.519249
   -0.130000    -0.506580
   -0.120000    -0.493242
   -0.110000    -0.479142
   -0.100000    -0.464159
   -0.090000    -0.448140
   -0.080000    -0.430887
   -0.070000    -0.412129
   -0.060000    -0.391487
   -0.050000    -0.368403
   -0.040000    -0.341995
   -0.030000    -0.310723
   -0.020000    -0.271442
   -0.010000    -0.215443
    0.000000     0.000006
    0.010000     0.215443
    0.020000     0.271442
    0.030000     0.310723
    0.040000     0.341995
    0.050000     0.368403
    0.060000     0.391487
    0.070000     0.412129
    0.080000     0.430887
    0.090000     0.448140
    0.100000     0.464159
    0.110000     0.479142
    0.120000     0.493242
    0.130000     0.506580
    0.140000     0.519249
    0.150000     0.531329
    0.160000     0.542884
    0.170000     0.553966
    0.180000     0.564622
    0.190000     0.574890
    0.200000     0.584804
    0.210000     0.594392
    0.220000     0.603681
    0.230000     0.612693
    0.240000     0.621447
    0.250000     0.629961
    0.260000     0.638250
    0.270000     0.646330
    0.280000     0.654213
    0.290000     0.661911
    0.300000     0.669433
    0.310000     0.676790
    0.320000     0.683990
    0.330000     0.691042
    0.340000     0.697953
    0.350000     0.704730
    0.360000     0.711379
    0.370000     0.717905
    0.380000     0.724316
    0.390000     0.730614
    0.400000     0.736806
    0.410000     0.742896
    0.420000     0.748887
    0.430000     0.754784
    0.440000     0.760590
    0.450000     0.766309
    0.460000     0.771944
    0.470000     0.777498
    0.480000     0.782974
    0.490000     0.788374
    0.500000     0.793701
    0.510000     0.798957
    0.520000     0.804145
    0.530000     0.809267
    0.540000     0.814325
    0.550000     0.819321
    0.560000     0.824257
    0.570000     0.829134
    0.580000     0.833955
    0.590000     0.838721
    0.600000     0.843433
    0.610000     0.848093
    0.620000     0.852702
    0.630000     0.857262
    0.640000     0.861774
    0.650000     0.866239
    0.660000     0.870659
    0.670000     0.875034
    0.680000     0.879366
    0.690000     0.883656
    0.700000     0.887904
    0.710000     0.892112
    0.720000     0.896281
    0.730000     0.900411
    0.740000     0.904504
    0.750000     0.908560
    0.760000     0.912581
    0.770000     0.916566
    0.780000     0.920516
    0.790000     0.924434
    0.800000     0.928318
    0.810000     0.932170
    0.820000     0.935990
    0.830000     0.939780
    0.840000     0.943539
    0.850000     0.947268
    0.860000     0.950969
    0.870000     0.954640
    0.880000     0.958284
    0.890000     0.961900
    0.900000     0.965489
    0.910000     0.969052
    0.920000     0.972589
    0.930000     0.976100
    0.940000     0.979586
    0.950000     0.983048
    0.960000     0.986485
    0.970000     0.989898
    0.980000     0.993288
    0.990000     0.996655
    1.000000     1.000000
    1.010000     1.003322
    1.020000     1.006623
    1.030000     1.009902
    1.040000     1.013159
    1.050000     1.016396
    1.060000     1.019613
    1.070000     1.022809
    1.080000     1.025986
    1.090000     1.029142
    1.100000     1.032280
    1.110000     1.035399
    1.120000     1.038499
    1.130000     1.041580
    1.140000     1.044644
    1.150000     1.047690
    1.160000     1.050718
    1.170000     1.053728
    1.180000     1.056722
    1.190000     1.059699
    1.200000     1.062659
    1.210000     1.065602
    1.220000     1.068530
    1.230000     1.071441
    1.240000     1.074337
    1.250000     1.077217
    1.260000     1.080082
    1.270000     1.082932
    1.280000     1.085767
    1.290000     1.088587
    1.300000     1.091393
    1.310000     1.094184
    1.320000     1.096961
    1.330000     1.099724
    1.340000     1.102474
    1.350000     1.105209
    1.360000     1.107932
    1.370000     1.110641
    1.380000     1.113336
    1.390000     1.116019
    1.400000     1.118689
    1.410000     1.121346
    1.420000     1.123991
    1.430000     1.126623
    1.440000     1.129243
    1.450000     1.131851
    1.460000     1.134447
    1.470000     1.137031
    1.480000     1.139604
    1.490000     1.142165
    1.500000     1.144714
    1.510000     1.147252
    1.520000     1.149779
    1.530000     1.152295
    1.540000     1.154800
    1.550000     1.157295
    1.560000     1.159778
    1.570000     1.162251
    1.580000     1.164713
    1.590000     1.167165
    1.600000     1.169607
    1.610000     1.172039
    1.620000     1.174460
    1.630000     1.176872
    1.640000     1.179274
    1.650000     1.181666
    1.660000     1.184048
    1.670000     1.186421
    1.680000     1.188784
    1.690000     1.191138
    1.700000     1.193483
    1.710000     1.195819
    1.720000     1.198145
    1.730000     1.200463
    1.740000     1.202771
    1.750000     1.205071
    1.760000     1.207362
    1.770000     1.209645
    1.780000     1.211918
    1.790000     1.214184
    1.800000     1.216440
    1.810000     1.218689
    1.820000     1.220929
    1.830000     1.223161
    1.840000     1.225385
    1.850000     1.227601
    1.860000     1.229809
    1.870000     1.232009
    1.880000     1.234201
    1.890000     1.236386
    1.900000     1.238562
    1.910000     1.240731
    1.920000     1.242893
    1.930000     1.245047
    1.940000     1.247194
    1.950000     1.249333
    1.960000     1.251465
    1.970000     1.253590
    1.980000     1.255707
    1.990000     1.257818
    2.000000     1.259921
    2.010000     1.262017
    2.020000     1.264107
    2.030000     1.266189
    2.040000     1.268265
    2.050000     1.270334
    2.060000     1.272396
    2.070000     1.274452
    2.080000     1.276501
    2.090000     1.278543
    2.100000     1.280579
    2.110000     1.282609
    2.120000     1.284632
    2.130000     1.286648
    2.140000     1.288659
    2.150000     1.290663
    2.160000     1.292661
    2.170000     1.294653
    2.180000     1.296638
    2.190000     1.298618
    2.200000     1.300591
    2.210000     1.302559
    2.220000     1.304521
    2.230000     1.306477
    2.240000     1.308427
    2.250000     1.310371
    2.260000     1.312309
    2.270000     1.314242
    2.280000     1.316169
    2.290000     1.318090
    2.300000     1.320006
    2.310000     1.321916
    2.320000     1.323821
    2.330000     1.325721
    2.340000     1.327614
    2.350000     1.329503
    2.360000     1.331386
    2.370000     1.333264
    2.380000     1.335136
    2.390000     1.337004
    2.400000     1.338866
    2.410000     1.340723
    2.420000     1.342575
    2.430000     1.344421
    2.440000     1.346263
    2.450000     1.348100
    2.460000     1.349931
    2.470000     1.351758
    2.480000     1.353580
    2.490000     1.355397
    2.500000     1.357209
    2.510000     1.359016
    2.520000     1.360818
    2.530000     1.362616
    2.540000     1.364409
    2.550000     1.366197
    2.560000     1.367981
    2.570000     1.369760
    2.580000     1.371534
    2.590000     1.373304
    2.600000     1.375069
    2.610000     1.376830
    2.620000     1.378586
    2.630000     1.380337
    2.640000     1.382085
    2.650000     1.383828
    2.660000     1.385566
    2.670000     1.387300
    2.680000     1.389030
    2.690000     1.390755
    2.700000     1.392477
    2.710000     1.394194
    2.720000     1.395906
    2.730000     1.397615
    2.740000     1.399319
    2.750000     1.401020
    2.760000     1.402716
    2.770000     1.404408
    2.780000     1.406096
    2.790000     1.407780
    2.800000     1.409460
    2.810000     1.411136
    2.820000     1.412808
    2.830000     1.414476
    2.840000     1.416140
    2.850000     1.417800
    2.860000     1.419456
    2.870000     1.421109
    2.880000     1.422757
    2.890000     1.424402
    2.900000     1.426043
    2.910000     1.427680
    2.920000     1.429314
    2.930000     1.430944
    2.940000     1.432570
    2.950000     1.434192
    2.960000     1.435811
    2.970000     1.437426
    2.980000     1.439037
    2.990000     1.440645
    3.000000     1.442250
    3.010000     1.443850
    3.020000     1.445447
    3.030000     1.447041
    3.040000     1.448631
    3.050000     1.450218
    3.060000     1.451801
    3.070000     1.453381
    3.080000     1.454957
    3.090000     1.456530
    3.100000     1.458100
    3.110000     1.459666
    3.120000     1.461229
    3.130000     1.462788
    3.140000     1.464344
    3.150000     1.465897
    3.160000     1.467447
    3.170000     1.468993
    3.180000     1.470536
    3.190000     1.472076
    3.200000     1.473613
    3.210000     1.475146
    3.220000     1.476676
    3.230000     1.478203
    3.240000     1.479727
    3.250000     1.481248
    3.260000     1.482766
    3.270000     1.484280
    3.280000     1.485792
    3.290000     1.487300
    3.300000     1.488806
    3.310000     1.490308
    3.320000     1.491807
    3.330000     1.493303
    3.340000     1.494797
    3.350000     1.496287
    3.360000     1.497774
    3.370000     1.499259
    3.380000     1.500740
    3.390000     1.502219
    3.400000     1.503695
    3.410000     1.505167
    3.420000     1.506637
    3.430000     1.508104
    3.440000     1.509568
    3.450000     1.511030
    3.460000     1.512488
    3.470000     1.513944
    3.480000     1.515397
    3.490000     1.516847
    3.500000     1.518294
    3.510000     1.519739
    3.520000     1.521181
    3.530000     1.522620
    3.540000     1.524057
    3.550000     1.525490
    3.560000     1.526921
    3.570000     1.528350
    3.580000     1.529775
    3.590000     1.531198
    3.600000     1.532619
    3.610000     1.534037
    3.620000     1.535452
    3.630000     1.536864
    3.640000     1.538274
    3.650000     1.539682
    3.660000     1.541087
    3.670000     1.542489
    3.680000     1.543889
    3.690000     1.545286
    3.700000     1.546680
    3.710000     1.548073
    3.720000     1.549462
    3.730000     1.550849
    3.740000     1.552234
    3.750000     1.553616
    3.760000     1.554996
    3.770000     1.556373
    3.780000     1.557748
    3.790000     1.559121
    3.800000     1.560491
    3.810000     1.561858
    3.820000     1.563224
    3.830000     1.564587
    3.840000     1.565947
    3.850000     1.567305
    3.860000     1.568661
    3.870000     1.570014
    3.880000     1.571366
    3.890000     1.572714
    3.900000     1.574061
    3.910000     1.575405
    3.920000     1.576747
    3.930000     1.578087
    3.940000     1.579424
    3.950000     1.580759
    3.960000     1.582092
    3.970000     1.583423
    3.980000     1.584751
    3.990000     1.586077
    4.000000     1.587401
    4.010000     1.588723
    4.020000     1.590042
    4.030000     1.591360
    4.040000     1.592675
    4.050000     1.593988
    4.060000     1.595299
    4.070000     1.596607
    4.080000     1.597914
    4.090000     1.599218
    4.100000     1.600521
    4.110000     1.601821
    4.120000     1.603119
    4.130000     1.604415
    4.140000     1.605709
    4.150000     1.607001
    4.160000     1.608290
    4.170000     1.609578
    4.180000     1.610864
    4.190000     1.612147
    4.200000     1.613429
    4.210000     1.614708
    4.220000     1.615986
    4.230000     1.617261
    4.240000     1.618534
    4.250000     1.619806
    4.260000     1.621075
    4.270000     1.622343
    4.280000     1.623608
    4.290000     1.624872
    4.300000     1.626133
    4.310000     1.627393
    4.320000     1.628651
    4.330000     1.629906
    4.340000     1.631160
    4.350000     1.632412
    4.360000     1.633662
    4.370000     1.634910
    4.380000     1.636156
    4.390000     1.637400
    4.400000     1.638643
    4.410000     1.639883
    4.420000     1.641122
    4.430000     1.642358
    4.440000     1.643593
    4.450000     1.644826
    4.460000     1.646057
    4.470000     1.647287
    4.480000     1.648514
    4.490000     1.649740
    4.500000     1.650964
    4.510000     1.652186
    4.520000     1.653406
    4.530000     1.654624
    4.540000     1.655841
    4.550000     1.657056
    4.560000     1.658269
    4.570000     1.659480
    4.580000     1.660690
    4.590000     1.661897
    4.600000     1.663103
    4.610000     1.664308
    4.620000     1.665510
    4.630000     1.666711
    4.640000     1.667910
    4.650000     1.669108
    4.660000     1.670303
    4.670000     1.671497
    4.680000     1.672689
    4.690000     1.673880
    4.700000     1.675069
    4.710000     1.676256
    4.720000     1.677441
    4.730000     1.678625
    4.740000     1.679807
    4.750000     1.680988
    4.760000     1.682167
    4.770000     1.683344
    4.780000     1.684519
    4.790000     1.685693
    4.800000     1.686865
    4.810000     1.688036
    4.820000     1.689205
    4.830000     1.690372
    4.840000     1.691538
    4.850000     1.692702
    4.860000     1.693865
    4.870000     1.695026
    4.880000     1.696185
    4.890000     1.697343
    4.900000     1.698499
    4.910000     1.699654
    4.920000     1.700807
    4.930000     1.701959
    4.940000     1.703108
    4.950000     1.704257
    4.960000     1.705404
    4.970000     1.706549
    4.980000     1.707693
    4.990000     1.708835
    5.000000     1.709976
    5.010000     1.711115
    5.020000     1.712253
    5.030000     1.713389
    5.040000     1.714524
    5.050000     1.715657
    5.060000     1.716789
    5.070000     1.717919
    5.080000     1.719048
    5.090000     1.720175
    5.100000     1.721301
    5.110000     1.722425
    5.120000     1.723548
    5.130000     1.724669
    5.140000     1.725789
    5.150000     1.726908
    5.160000     1.728025
    5.170000     1.729140
    5.180000     1.730254
    5.190000     1.731367
    5.200000     1.732478
    5.210000     1.733588
    5.220000     1.734696
    5.230000     1.735804
    5.240000     1.736909
    5.250000     1.738013
    5.260000     1.739116
    5.270000     1.740218
    5.280000     1.741318
    5.290000     1.742416
    5.300000     1.743513
    5.310000     1.744609
    5.320000     1.745704
    5.330000     1.746797
    5.340000     1.747889
    5.350000     1.748979
    5.360000     1.750068
    5.370000     1.751156
    5.380000     1.752242
    5.390000     1.753327
    5.400000     1.754411
    5.410000     1.755493
    5.420000     1.756574
    5.430000     1.757654
    5.440000     1.758732
    5.450000     1.759809
    5.460000     1.760885
    5.470000     1.761959
    5.480000     1.763032
    5.490000     1.764104
    5.500000     1.765174
    5.510000     1.766243
    5.520000     1.767311
    5.530000     1.768378
    5.540000     1.769443
    5.550000     1.770507
    5.560000     1.771570
    5.570000     1.772631
    5.580000     1.773691
    5.590000     1.774750
    5.600000     1.775808
    5.610000     1.776864
    5.620000     1.777920
    5.630000     1.778973
    5.640000     1.780026
    5.650000     1.781077
    5.660000     1.782128
    5.670000     1.783177
    5.680000     1.784224
    5.690000     1.785271
    5.700000     1.786316
    5.710000     1.787360
    5.720000     1.788403
    5.730000     1.789444
    5.740000     1.790485
    5.750000     1.791524
    5.760000     1.792562
    5.770000     1.793599
    5.780000     1.794634
    5.790000     1.795669
    5.800000     1.796702
    5.810000     1.797734
    5.820000     1.798765
    5.830000     1.799794
    5.840000     1.800823
    5.850000     1.801850
    5.860000     1.802876
    5.870000     1.803901
    5.880000     1.804925
    5.890000     1.805947
    5.900000     1.806969
    5.910000     1.807989
    5.920000     1.809008
    5.930000     1.810026
    5.940000     1.811043
    5.950000     1.812059
    5.960000     1.813074
    5.970000     1.814087
    5.980000     1.815099
    5.990000     1.816111
    6.000000     1.817121
    6.010000     1.818130
    6.020000     1.819137
    6.030000     1.820144
    6.040000     1.821150
    6.050000     1.822154
    6.060000     1.823158
    6.070000     1.824160
    6.080000     1.825161
    6.090000     1.826161
    6.100000     1.827160
    6.110000     1.828158
    6.120000     1.829155
    6.130000     1.830151
    6.140000     1.831145
    6.150000     1.832139
    6.160000     1.833131
    6.170000     1.834123
    6.180000     1.835113
    6.190000     1.836102
    6.200000     1.837091
    6.210000     1.838078
    6.220000     1.839064
    6.230000     1.840049
    6.240000     1.841033
    6.250000     1.842016
    6.260000     1.842998
    6.270000     1.843978
    6.280000     1.844958
    6.290000     1.845937
    6.300000     1.846915
    6.310000     1.847891
    6.320000     1.848867
    6.330000     1.849842
    6.340000     1.850815
    6.350000     1.851788
    6.360000     1.852759
    6.370000     1.853730
    6.380000     1.854700
    6.390000     1.855668
    6.400000     1.856636
    6.410000     1.857602
    6.420000     1.858568
    6.430000     1.859532
    6.440000     1.860495
    6.450000     1.861458
    6.460000     1.862419
    6.470000     1.863380
    6.480000     1.864340
    6.490000     1.865298
    6.500000     1.866256
    6.510000     1.867212
    6.520000     1.868168
    6.530000     1.869122
    6.540000     1.870076
    6.550000     1.871029
    6.560000     1.871980
    6.570000     1.872931
    6.580000     1.873881
    6.590000     1.874830
    6.600000     1.875777
    6.610000     1.876724
    6.620000     1.877670
    6.630000     1.878615
    6.640000     1.879559
    6.650000     1.880502
    6.660000     1.881444
    6.670000     1.882386
    6.680000     1.883326
    6.690000     1.884265
    6.700000     1.885204
    6.710000     1.886141
    6.720000     1.887078
    6.730000     1.888013
    6.740000     1.888948
    6.750000     1.889882
    6.760000     1.890814
    6.770000     1.891746
    6.780000     1.892677
    6.790000     1.893607
    6.800000     1.894536
    6.810000     1.895465
    6.820000     1.896392
    6.830000     1.897318
    6.840000     1.898244
    6.850000     1.899169
    6.860000     1.900092
    6.870000     1.901015
    6.880000     1.901937
    6.890000     1.902858
    6.900000     1.903778
    6.910000     1.904698
    6.920000     1.905616
    6.930000     1.906533
    6.940000     1.907450
    6.950000     1.908366
    6.960000     1.909281
    6.970000     1.910195
    6.980000     1.911108
    6.990000     1.912020
    7.000000     1.912931
    7.010000     1.913842
    7.020000     1.914751
    7.030000     1.915660
    7.040000     1.916568
    7.050000     1.917475
    7.060000     1.918381
    7.070000     1.919286
    7.080000     1.920191
    7.090000     1.921095
    7.100000     1.921997
    7.110000     1.922899
    7.120000     1.923800
    7.130000     1.924701
    7.140000     1.925600
    7.150000     1.926499
    7.160000     1.927396
    7.170000     1.928293
    7.180000     1.929189
    7.190000     1.930084
    7.200000     1.930979
    7.210000     1.931872
    7.220000     1.932765
    7.230000     1.933657
    7.240000     1.934548
    7.250000     1.935438
    7.260000     1.936328
    7.270000     1.937216
    7.280000     1.938104
    7.290000     1.938991
    7.300000     1.939877
    7.310000     1.940763
    7.320000     1.941647
    7.330000     1.942531
    7.340000     1.943414
    7.350000     1.944296
    7.360000     1.945178
    7.370000     1.946058
    7.380000     1.946938
    7.390000     1.947817
    7.400000     1.948695
    7.410000     1.949573
    7.420000     1.950449
    7.430000     1.951325
    7.440000     1.952200
    7.450000     1.953074
    7.460000     1.953948
    7.470000     1.954820
    7.480000     1.955692
    7.490000     1.956563
    7.500000     1.957434
    7.510000     1.958303
    7.520000     1.959172
    7.530000     1.960040
    7.540000     1.960908
    7.550000     1.961774
    7.560000     1.962640
    7.570000     1.963505
    7.580000     1.964369
    7.590000     1.965232
    7.600000     1.966095
    7.610000     1.966957
    7.620000     1.967818
    7.630000     1.968679
    7.640000     1.969538
    7.650000     1.970397
    7.660000     1.971256
    7.670000     1.972113
    7.680000     1.972970
    7.690000     1.973826
    7.700000     1.974681
    7.710000     1.975535
    7.720000     1.976389
    7.730000     1.977242
    7.740000     1.978094
    7.750000     1.978946
    7.760000     1.979797
    7.770000     1.980647
    7.780000     1.981496
    7.790000     1.982345
    7.800000     1.983192
    7.810000     1.984040
    7.820000     1.984886
    7.830000     1.985732
    7.840000     1.986577
    7.850000     1.987421
    7.860000     1.988265
    7.870000     1.989107
    7.880000     1.989950
    7.890000     1.990791
    7.900000     1.991632
    7.910000     1.992472
    7.920000     1.993311
    7.930000     1.994150
    7.940000     1.994987
    7.950000     1.995825
    7.960000     1.996661
    7.970000     1.997497
    7.980000     1.998332
    7.990000     1.999166
    8.000000     2.000000
