    4.820000    -9.256831
    4.830000    -8.463365
    4.840000    -7.793731
    4.850000    -7.220932
    4.860000    -6.725287
    4.870000    -6.292110
    4.880000    -5.910220
    4.890000    -5.570953
    4.900000    -5.267493
    4.910000    -4.994404
    4.920000    -4.747297
    4.930000    -4.522588
    4.940000    -4.317327
    4.950000    -4.129056
    4.960000    -3.955716
    4.970000    -3.795569
    4.980000    -3.647134
    4.990000    -3.509147
    5.000000    -3.380515
    5.010000    -3.260296
    5.020000    -3.147669
    5.030000    -3.041916
    5.040000    -2.942407
    5.050000    -2.848587
    5.060000    -2.759964
    5.070000    -2.676102
    5.080000    -2.596611
    5.090000    -2.521144
    5.100000    -2.449389
    5.110000    -2.381066
    5.120000    -2.315920
    5.130000    -2.253723
    5.140000    -2.194269
    5.150000    -2.137367
    5.160000    -2.082847
    5.170000    -2.030552
    5.180000    -1.980339
    5.190000    -1.932075
    5.200000    -1.885642
    5.210000    -1.840927
    5.220000    -1.797829
    5.230000    -1.756253
    5.240000    -1.716113
    5.250000    -1.677326
    5.260000    -1.639820
    5.270000    -1.603524
    5.280000    -1.568373
    5.290000    -1.534309
    5.300000    -1.501273
    5.310000    -1.469215
    5.320000    -1.438086
    5.330000    -1.407839
    5.340000    -1.378432
    5.350000    -1.349824
    5.360000    -1.321979
    5.370000    -1.294860
    5.380000    -1.268435
    5.390000    -1.242672
    5.400000    -1.217541
    5.410000    -1.193015
    5.420000    -1.169067
    5.430000    -1.145672
    5.440000    -1.122808
    5.450000    -1.100451
    5.460000    -1.078581
    5.470000    -1.057178
    5.480000    -1.036222
    5.490000    -1.015697
    5.500000    -0.995584
    5.510000    -0.975868
    5.520000    -0.956533
    5.530000    -0.937564
    5.540000    -0.918948
    5.550000    -0.900670
    5.560000    -0.882719
    5.570000    -0.865082
    5.580000    -0.847748
    5.590000    -0.830705
    5.600000    -0.813943
    5.610000    -0.797452
    5.620000    -0.781222
    5.630000    -0.765243
    5.640000    -0.749507
    5.650000    -0.734005
    5.660000    -0.718729
    5.670000    -0.703671
    5.680000    -0.688823
    5.690000    -0.674179
    5.700000    -0.659731
    5.710000    -0.645472
    5.720000    -0.631396
    5.730000    -0.617496
    5.740000    -0.603768
    5.750000    -0.590204
    5.760000    -0.576799
    5.770000    -0.563548
    5.780000    -0.550446
    5.790000    -0.537487
    5.800000    -0.524666
    5.810000    -0.511980
    5.820000    -0.499422
    5.830000    -0.486990
    5.840000    -0.474678
    5.850000    -0.462482
    5.860000    -0.450399
    5.870000    -0.438423
    5.880000    -0.426553
    5.890000    -0.414783
    5.900000    -0.403111
    5.910000    -0.391532
    5.920000    -0.380044
    5.930000    -0.368642
    5.940000    -0.357325
    5.950000    -0.346088
    5.960000    -0.334928
    5.970000    -0.323843
    5.980000    -0.312830
    5.990000    -0.301885
    6.000000    -0.291006
    6.010000    -0.280190
    6.020000    -0.269435
    6.030000    -0.258738
    6.040000    -0.248095
    6.050000    -0.237506
    6.060000    -0.226966
    6.070000    -0.216475
    6.080000    -0.206028
    6.090000    -0.195625
    6.100000    -0.185262
    6.110000    -0.174938
    6.120000    -0.164649
    6.130000    -0.154395
    6.140000    -0.144172
    6.150000    -0.133978
    6.160000    -0.123812
    6.170000    -0.113671
    6.180000    -0.103553
    6.190000    -0.093456
    6.200000    -0.083378
    6.210000    -0.073316
    6.220000    -0.063270
    6.230000    -0.053236
    6.240000    -0.043212
    6.250000    -0.033197
    6.260000    -0.023189
    6.270000    -0.013186
    6.280000    -0.003185
    6.290000     0.006815
    6.300000     0.016816
    6.310000     0.026821
    6.320000     0.036831
    6.330000     0.046849
    6.340000     0.056876
    6.350000     0.066914
    6.360000     0.076966
    6.370000     0.087033
    6.380000     0.097118
    6.390000     0.107223
    6.400000     0.117349
    6.410000     0.127499
    6.420000     0.137675
    6.430000     0.147879
    6.440000     0.158113
    6.450000     0.168379
    6.460000     0.178681
    6.470000     0.189019
    6.480000     0.199396
    6.490000     0.209815
    6.500000     0.220277
    6.510000     0.230786
    6.520000     0.241343
    6.530000     0.251952
    6.540000     0.262614
    6.550000     0.273332
    6.560000     0.284109
    6.570000     0.294947
    6.580000     0.305850
    6.590000     0.316819
    6.600000     0.327858
    6.610000     0.338970
    6.620000     0.350157
    6.630000     0.361423
    6.640000     0.372771
    6.650000     0.384203
    6.660000     0.395724
    6.670000     0.407336
    6.680000     0.419044
    6.690000     0.430849
    6.700000     0.442757
    6.710000     0.454771
    6.720000     0.466895
    6.730000     0.479133
    6.740000     0.491488
    6.750000     0.503965
    6.760000     0.516569
    6.770000     0.529304
    6.780000     0.542174
    6.790000     0.555184
    6.800000     0.568340
    6.810000     0.581646
    6.820000     0.595108
    6.830000     0.608731
    6.840000     0.622521
    6.850000     0.636484
    6.860000     0.650625
    6.870000     0.664952
    6.880000     0.679471
    6.890000     0.694188
    6.900000     0.709111
    6.910000     0.724247
    6.920000     0.739604
    6.930000     0.755190
    6.940000     0.771014
    6.950000     0.787083
    6.960000     0.803407
    6.970000     0.819995
    6.980000     0.836858
    6.990000     0.854005
    7.000000     0.871448
    7.010000     0.889197
    7.020000     0.907265
    7.030000     0.925664
    7.040000     0.944407
    7.050000     0.963507
    7.060000     0.982979
    7.070000     1.002837
    7.080000     1.023098
    7.090000     1.043777
    7.100000     1.064893
    7.110000     1.086464
    7.120000     1.108508
    7.130000     1.131046
    7.140000     1.154100
    7.150000     1.177693
    7.160000     1.201848
    7.170000     1.226590
    7.180000     1.251948
    7.190000     1.277948
    7.200000     1.304621
    7.210000     1.331999
    7.220000     1.360117
    7.230000     1.389010
    7.240000     1.418717
    7.250000     1.449280
    7.260000     1.480741
    7.270000     1.513148
    7.280000     1.546550
    7.290000     1.581002
    7.300000     1.616561
    7.310000     1.653289
    7.320000     1.691252
    7.330000     1.730520
    7.340000     1.771172
    7.350000     1.813290
    7.360000     1.856964
    7.370000     1.902290
    7.380000     1.949374
    7.390000     1.998331
    7.400000     2.049284
    7.410000     2.102369
    7.420000     2.157735
    7.430000     2.215542
    7.440000     2.275969
    7.450000     2.339211
    7.460000     2.405483
    7.470000     2.475021
    7.480000     2.548089
    7.490000     2.624979
    7.500000     2.706014
    7.510000     2.791557
    7.520000     2.882013
    7.530000     2.977838
    7.540000     3.079545
    7.550000     3.187715
    7.560000     3.303010
    7.570000     3.426181
    7.580000     3.558092
    7.590000     3.699737
    7.600000     3.852266
    7.610000     4.017017
    7.620000     4.195560
    7.630000     4.389740
    7.640000     4.601752
    7.650000     4.834219
    7.660000     5.090304
    7.670000     5.373859
    7.680000     5.689622
    7.690000     6.043485
    7.700000     6.442872
    7.710000     6.897270
    7.720000     7.418995
    7.730000     8.024341
    7.740000     8.735316
    7.750000     9.582397
