   -8.000000     3.764706
   -7.990000     3.764151
   -7.980000     3.763595
   -7.970000     3.763036
   -7.960000     3.762476
   -7.950000     3.761914
   -7.940000     3.761349
   -7.930000     3.760783
   -7.920000     3.760215
   -7.910000     3.759645
   -7.900000     3.759072
   -7.890000     3.758498
   -7.880000     3.757922
   -7.870000     3.757344
   -7.860000     3.756763
   -7.850000     3.756181
   -7.840000     3.755597
   -7.830000     3.755010
   -7.820000     3.754422
   -7.810000     3.753831
   -7.800000     3.753239
   -7.790000     3.752644
   -7.780000     3.752047
   -7.770000     3.751448
   -7.760000     3.750847
   -7.750000     3.750244
   -7.740000     3.749639
   -7.730000     3.749031
   -7.720000     3.748421
   -7.710000     3.747809
   -7.700000     3.747195
   -7.690000     3.746579
   -7.680000     3.745961
   -7.670000     3.745340
   -7.660000     3.744717
   -7.650000     3.744092
   -7.640000     3.743465
   -7.630000     3.742835
   -7.620000     3.742203
   -7.610000     3.741569
   -7.600000     3.740933
   -7.590000     3.740294
   -7.580000     3.739653
   -7.570000     3.739009
   -7.560000     3.738364
   -7.550000     3.737716
   -7.540000     3.737065
   -7.530000     3.736412
   -7.520000     3.735757
   -7.510000     3.735100
   -7.500000     3.734440
   -7.490000     3.733777
   -7.480000     3.733113
   -7.470000     3.732445
   -7.460000     3.731776
   -7.450000     3.731104
   -7.440000     3.730429
   -7.430000     3.729752
   -7.420000     3.729073
   -7.410000     3.728390
   -7.400000     3.727706
   -7.390000     3.727019
   -7.380000     3.726329
   -7.370000     3.725637
   -7.360000     3.724942
   -7.350000     3.724245
   -7.340000     3.723545
   -7.330000     3.722842
   -7.320000     3.722137
   -7.310000     3.721430
   -7.300000     3.720719
   -7.290000     3.720006
   -7.280000     3.719290
   -7.270000     3.718572
   -7.260000     3.717851
   -7.250000     3.717127
   -7.240000     3.716401
   -7.230000     3.715671
   -7.220000     3.714939
   -7.210000     3.714205
   -7.200000     3.713467
   -7.190000     3.712727
   -7.180000     3.711984
   -7.170000     3.711238
   -7.160000     3.710489
   -7.150000     3.709737
   -7.140000     3.708983
   -7.130000     3.708226
   -7.120000     3.707465
   -7.110000     3.706702
   -7.100000     3.705936
   -7.090000     3.705167
   -7.080000     3.704396
   -7.070000     3.703621
   -7.060000     3.702843
   -7.050000     3.702062
   -7.040000     3.701279
   -7.030000     3.700492
   -7.020000     3.699702
   -7.010000     3.698909
   -7.000000     3.698113
   -6.990000     3.697314
   -6.980000     3.696512
   -6.970000     3.695707
   -6.960000     3.694899
   -6.950000     3.694087
   -6.940000     3.693273
   -6.930000     3.692455
   -6.920000     3.691634
   -6.910000     3.690810
   -6.900000     3.689983
   -6.890000     3.689152
   -6.880000     3.688318
   -6.870000     3.687481
   -6.860000     3.686641
   -6.850000     3.685797
   -6.840000     3.684950
   -6.830000     3.684100
   -6.820000     3.683246
   -6.810000     3.682389
   -6.800000     3.681529
   -6.790000     3.680665
   -6.780000     3.679798
   -6.770000     3.678927
   -6.760000     3.678053
   -6.750000     3.677175
   -6.740000     3.676294
   -6.730000     3.675410
   -6.720000     3.674522
   -6.710000     3.673630
   -6.700000     3.672735
   -6.690000     3.671836
   -6.680000     3.670934
   -6.670000     3.670028
   -6.660000     3.669118
   -6.650000     3.668205
   -6.640000     3.667288
   -6.630000     3.666367
   -6.620000     3.665443
   -6.610000     3.664515
   -6.600000     3.663583
   -6.590000     3.662647
   -6.580000     3.661708
   -6.570000     3.660765
   -6.560000     3.659818
   -6.550000     3.658867
   -6.540000     3.657912
   -6.530000     3.656953
   -6.520000     3.655991
   -6.510000     3.655024
   -6.500000     3.654054
   -6.490000     3.653080
   -6.480000     3.652101
   -6.470000     3.651119
   -6.460000     3.650133
   -6.450000     3.649142
   -6.440000     3.648147
   -6.430000     3.647149
   -6.420000     3.646146
   -6.410000     3.645139
   -6.400000     3.644128
   -6.390000     3.643113
   -6.380000     3.642093
   -6.370000     3.641070
   -6.360000     3.640042
   -6.350000     3.639010
   -6.340000     3.637973
   -6.330000     3.636932
   -6.320000     3.635887
   -6.310000     3.634837
   -6.300000     3.633783
   -6.290000     3.632725
   -6.280000     3.631662
   -6.270000     3.630595
   -6.260000     3.629523
   -6.250000     3.628447
   -6.240000     3.627366
   -6.230000     3.626281
   -6.220000     3.625191
   -6.210000     3.624096
   -6.200000     3.622997
   -6.190000     3.621893
   -6.180000     3.620785
   -6.170000     3.619672
   -6.160000     3.618554
   -6.150000     3.617431
   -6.140000     3.616303
   -6.130000     3.615171
   -6.120000     3.614034
   -6.110000     3.612892
   -6.100000     3.611745
   -6.090000     3.610593
   -6.080000     3.609436
   -6.070000     3.608274
   -6.060000     3.607107
   -6.050000     3.605936
   -6.040000     3.604759
   -6.030000     3.603577
   -6.020000     3.602390
   -6.010000     3.601197
   -6.000000     3.600000
   -5.990000     3.598797
   -5.980000     3.597590
   -5.970000     3.596376
   -5.960000     3.595158
   -5.950000     3.593934
   -5.940000     3.592705
   -5.930000     3.591471
   -5.920000     3.590231
   -5.910000     3.588986
   -5.900000     3.587735
   -5.890000     3.586479
   -5.880000     3.585217
   -5.870000     3.583950
   -5.860000     3.582677
   -5.850000     3.581398
   -5.840000     3.580114
   -5.830000     3.578824
   -5.820000     3.577529
   -5.810000     3.576227
   -5.800000     3.574920
   -5.790000     3.573607
   -5.780000     3.572289
   -5.770000     3.570964
   -5.760000     3.569633
   -5.750000     3.568297
   -5.740000     3.566954
   -5.730000     3.565606
   -5.720000     3.564251
   -5.710000     3.562890
   -5.700000     3.561524
   -5.690000     3.560151
   -5.680000     3.558772
   -5.670000     3.557386
   -5.660000     3.555995
   -5.650000     3.554597
   -5.640000     3.553192
   -5.630000     3.551782
   -5.620000     3.550365
   -5.610000     3.548941
   -5.600000     3.547511
   -5.590000     3.546075
   -5.580000     3.544632
   -5.570000     3.543182
   -5.560000     3.541726
   -5.550000     3.540263
   -5.540000     3.538793
   -5.530000     3.537317
   -5.520000     3.535834
   -5.510000     3.534344
   -5.500000     3.532847
   -5.490000     3.531343
   -5.480000     3.529832
   -5.470000     3.528314
   -5.460000     3.526790
   -5.450000     3.525258
   -5.440000     3.523719
   -5.430000     3.522173
   -5.420000     3.520619
   -5.410000     3.519059
   -5.400000     3.517491
   -5.390000     3.515916
   -5.380000     3.514333
   -5.370000     3.512743
   -5.360000     3.511146
   -5.350000     3.509541
   -5.340000     3.507929
   -5.330000     3.506308
   -5.320000     3.504681
   -5.310000     3.503045
   -5.300000     3.501402
   -5.290000     3.499751
   -5.280000     3.498093
   -5.270000     3.496426
   -5.260000     3.494752
   -5.250000     3.493069
   -5.240000     3.491379
   -5.230000     3.489680
   -5.220000     3.487974
   -5.210000     3.486259
   -5.200000     3.484536
   -5.190000     3.482805
   -5.180000     3.481065
   -5.170000     3.479318
   -5.160000     3.477561
   -5.150000     3.475797
   -5.140000     3.474023
   -5.130000     3.472242
   -5.120000     3.470451
   -5.110000     3.468652
   -5.100000     3.466844
   -5.090000     3.465028
   -5.080000     3.463203
   -5.070000     3.461368
   -5.060000     3.459525
   -5.050000     3.457673
   -5.040000     3.455812
   -5.030000     3.453942
   -5.020000     3.452062
   -5.010000     3.450174
   -5.000000     3.448276
   -4.990000     3.446369
   -4.980000     3.444452
   -4.970000     3.442526
   -4.960000     3.440591
   -4.950000     3.438646
   -4.940000     3.436691
   -4.930000     3.434727
   -4.920000     3.432753
   -4.910000     3.430769
   -4.900000     3.428775
   -4.890000     3.426772
   -4.880000     3.424758
   -4.870000     3.422735
   -4.860000     3.420701
   -4.850000     3.418657
   -4.840000     3.416603
   -4.830000     3.414539
   -4.820000     3.412465
   -4.810000     3.410380
   -4.800000     3.408284
   -4.790000     3.406178
   -4.780000     3.404061
   -4.770000     3.401934
   -4.760000     3.399796
   -4.750000     3.397647
   -4.740000     3.395487
   -4.730000     3.393317
   -4.720000     3.391135
   -4.710000     3.388942
   -4.700000     3.386738
   -4.690000     3.384523
   -4.680000     3.382297
   -4.670000     3.380059
   -4.660000     3.377810
   -4.650000     3.375549
   -4.640000     3.373277
   -4.630000     3.370993
   -4.620000     3.368697
   -4.610000     3.366389
   -4.600000     3.364070
   -4.590000     3.361739
   -4.580000     3.359395
   -4.570000     3.357040
   -4.560000     3.354672
   -4.550000     3.352292
   -4.540000     3.349900
   -4.530000     3.347495
   -4.520000     3.345078
   -4.510000     3.342649
   -4.500000     3.340206
   -4.490000     3.337751
   -4.480000     3.335283
   -4.470000     3.332802
   -4.460000     3.330309
   -4.450000     3.327802
   -4.440000     3.325282
   -4.430000     3.322748
   -4.420000     3.320202
   -4.410000     3.317642
   -4.400000     3.315068
   -4.390000     3.312481
   -4.380000     3.309881
   -4.370000     3.307266
   -4.360000     3.304638
   -4.350000     3.301996
   -4.340000     3.299340
   -4.330000     3.296669
   -4.320000     3.293985
   -4.310000     3.291286
   -4.300000     3.288573
   -4.290000     3.285845
   -4.280000     3.283103
   -4.270000     3.280346
   -4.260000     3.277574
   -4.250000     3.274788
   -4.240000     3.271986
   -4.230000     3.269169
   -4.220000     3.266338
   -4.210000     3.263491
   -4.200000     3.260628
   -4.190000     3.257751
   -4.180000     3.254857
   -4.170000     3.251948
   -4.160000     3.249024
   -4.150000     3.246083
   -4.140000     3.243127
   -4.130000     3.240154
   -4.120000     3.237165
   -4.110000     3.234160
   -4.100000     3.231139
   -4.090000     3.228101
   -4.080000     3.225046
   -4.070000     3.221975
   -4.060000     3.218887
   -4.050000     3.215782
   -4.040000     3.212660
   -4.030000     3.209521
   -4.020000     3.206365
   -4.010000     3.203191
   -4.000000     3.200000
   -3.990000     3.196791
   -3.980000     3.193565
   -3.970000     3.190320
   -3.960000     3.187058
   -3.950000     3.183778
   -3.940000     3.180479
   -3.930000     3.177162
   -3.920000     3.173827
   -3.910000     3.170473
   -3.900000     3.167100
   -3.890000     3.163709
   -3.880000     3.160299
   -3.870000     3.156870
   -3.860000     3.153421
   -3.850000     3.149954
   -3.840000     3.146466
   -3.830000     3.142960
   -3.820000     3.139433
   -3.810000     3.135887
   -3.800000     3.132321
   -3.790000     3.128735
   -3.780000     3.125128
   -3.770000     3.121502
   -3.760000     3.117855
   -3.750000     3.114187
   -3.740000     3.110498
   -3.730000     3.106789
   -3.720000     3.103059
   -3.710000     3.099307
   -3.700000     3.095534
   -3.690000     3.091740
   -3.680000     3.087924
   -3.670000     3.084087
   -3.660000     3.080227
   -3.650000     3.076346
   -3.640000     3.072442
   -3.630000     3.068516
   -3.620000     3.064568
   -3.610000     3.060597
   -3.600000     3.056604
   -3.590000     3.052587
   -3.580000     3.048548
   -3.570000     3.044485
   -3.560000     3.040399
   -3.550000     3.036290
   -3.540000     3.032157
   -3.530000     3.028000
   -3.520000     3.023819
   -3.510000     3.019614
   -3.500000     3.015385
   -3.490000     3.011131
   -3.480000     3.006853
   -3.470000     3.002550
   -3.460000     2.998222
   -3.450000     2.993869
   -3.440000     2.989491
   -3.430000     2.985087
   -3.420000     2.980658
   -3.410000     2.976203
   -3.400000     2.971722
   -3.390000     2.967216
   -3.380000     2.962683
   -3.370000     2.958123
   -3.360000     2.953537
   -3.350000     2.948924
   -3.340000     2.944285
   -3.330000     2.939618
   -3.320000     2.934924
   -3.310000     2.930202
   -3.300000     2.925453
   -3.290000     2.920676
   -3.280000     2.915872
   -3.270000     2.911039
   -3.260000     2.906177
   -3.250000     2.901288
   -3.240000     2.896369
   -3.230000     2.891422
   -3.220000     2.886445
   -3.210000     2.881440
   -3.200000     2.876404
   -3.190000     2.871340
   -3.180000     2.866245
   -3.170000     2.861121
   -3.160000     2.855966
   -3.150000     2.850781
   -3.140000     2.845566
   -3.130000     2.840319
   -3.120000     2.835042
   -3.110000     2.829734
   -3.100000     2.824394
   -3.090000     2.819023
   -3.080000     2.813620
   -3.070000     2.808185
   -3.060000     2.802718
   -3.050000     2.797219
   -3.040000     2.791687
   -3.030000     2.786122
   -3.020000     2.780525
   -3.010000     2.774895
   -3.000000     2.769231
   -2.990000     2.763534
   -2.980000     2.757803
   -2.970000     2.752038
   -2.960000     2.746239
   -2.950000     2.740405
   -2.940000     2.734538
   -2.930000     2.728635
   -2.920000     2.722698
   -2.910000     2.716725
   -2.900000     2.710717
   -2.890000     2.704674
   -2.880000     2.698594
   -2.870000     2.692479
   -2.860000     2.686328
   -2.850000     2.680140
   -2.840000     2.673916
   -2.830000     2.667655
   -2.820000     2.661357
   -2.810000     2.655021
   -2.800000     2.648649
   -2.790000     2.642238
   -2.780000     2.635790
   -2.770000     2.629304
   -2.760000     2.622779
   -2.750000     2.616216
   -2.740000     2.609615
   -2.730000     2.602974
   -2.720000     2.596294
   -2.710000     2.589575
   -2.700000     2.582817
   -2.690000     2.576018
   -2.680000     2.569180
   -2.670000     2.562302
   -2.660000     2.555383
   -2.650000     2.548424
   -2.640000     2.541424
   -2.630000     2.534382
   -2.620000     2.527300
   -2.610000     2.520176
   -2.600000     2.513011
   -2.590000     2.505804
   -2.580000     2.498555
   -2.570000     2.491263
   -2.560000     2.483930
   -2.550000     2.476553
   -2.540000     2.469134
   -2.530000     2.461672
   -2.520000     2.454166
   -2.510000     2.446617
   -2.500000     2.439024
   -2.490000     2.431388
   -2.480000     2.423707
   -2.470000     2.415983
   -2.460000     2.408214
   -2.450000     2.400400
   -2.440000     2.392541
   -2.430000     2.384638
   -2.420000     2.376689
   -2.410000     2.368695
   -2.400000     2.360656
   -2.390000     2.352571
   -2.380000     2.344439
   -2.370000     2.336262
   -2.360000     2.328039
   -2.350000     2.319769
   -2.340000     2.311453
   -2.330000     2.303089
   -2.320000     2.294679
   -2.310000     2.286222
   -2.300000     2.277718
   -2.290000     2.269166
   -2.280000     2.260567
   -2.270000     2.251920
   -2.260000     2.243225
   -2.250000     2.234483
   -2.240000     2.225692
   -2.230000     2.216853
   -2.220000     2.207966
   -2.210000     2.199030
   -2.200000     2.190045
   -2.190000     2.181012
   -2.180000     2.171930
   -2.170000     2.162799
   -2.160000     2.153619
   -2.150000     2.144390
   -2.140000     2.135111
   -2.130000     2.125783
   -2.120000     2.116406
   -2.110000     2.106979
   -2.100000     2.097503
   -2.090000     2.087977
   -2.080000     2.078401
   -2.070000     2.068776
   -2.060000     2.059100
   -2.050000     2.049375
   -2.040000     2.039600
   -2.030000     2.029775
   -2.020000     2.019900
   -2.010000     2.009975
   -2.000000     2.000000
   -1.990000     1.989975
   -1.980000     1.979900
   -1.970000     1.969775
   -1.960000     1.959600
   -1.950000     1.949375
   -1.940000     1.939100
   -1.930000     1.928776
   -1.920000     1.918401
   -1.910000     1.907977
   -1.900000     1.897503
   -1.890000     1.886980
   -1.880000     1.876407
   -1.870000     1.865785
   -1.860000     1.855113
   -1.850000     1.844392
   -1.840000     1.833622
   -1.830000     1.822803
   -1.820000     1.811936
   -1.810000     1.801020
   -1.800000     1.790055
   -1.790000     1.779042
   -1.780000     1.767982
   -1.770000     1.756873
   -1.760000     1.745717
   -1.750000     1.734513
   -1.740000     1.723263
   -1.730000     1.711965
   -1.720000     1.700621
   -1.710000     1.689230
   -1.700000     1.677794
   -1.690000     1.666312
   -1.680000     1.654784
   -1.670000     1.643212
   -1.660000     1.631595
   -1.650000     1.619933
   -1.640000     1.608228
   -1.630000     1.596479
   -1.620000     1.584687
   -1.610000     1.572852
   -1.600000     1.560976
   -1.590000     1.549057
   -1.580000     1.537097
   -1.570000     1.525097
   -1.560000     1.513056
   -1.550000     1.500976
   -1.540000     1.488857
   -1.530000     1.476699
   -1.520000     1.464503
   -1.510000     1.452270
   -1.500000     1.440000
   -1.490000     1.427694
   -1.480000     1.415353
   -1.470000     1.402977
   -1.460000     1.390567
   -1.450000     1.378124
   -1.440000     1.365648
   -1.430000     1.353141
   -1.420000     1.340602
   -1.410000     1.328034
   -1.400000     1.315436
   -1.390000     1.302810
   -1.380000     1.290156
   -1.370000     1.277476
   -1.360000     1.264770
   -1.350000     1.252040
   -1.340000     1.239285
   -1.330000     1.226508
   -1.320000     1.213709
   -1.310000     1.200889
   -1.300000     1.188049
   -1.290000     1.175191
   -1.280000     1.162316
   -1.270000     1.149424
   -1.260000     1.136517
   -1.250000     1.123596
   -1.240000     1.110662
   -1.230000     1.097716
   -1.220000     1.084761
   -1.210000     1.071796
   -1.200000     1.058824
   -1.190000     1.045845
   -1.180000     1.032861
   -1.170000     1.019874
   -1.160000     1.006884
   -1.150000     0.993894
   -1.140000     0.980904
   -1.130000     0.967917
   -1.120000     0.954933
   -1.110000     0.941954
   -1.100000     0.928983
   -1.090000     0.916019
   -1.080000     0.903066
   -1.070000     0.890124
   -1.060000     0.877196
   -1.050000     0.864282
   -1.040000     0.851385
   -1.030000     0.838507
   -1.020000     0.825649
   -1.010000     0.812812
   -1.000000     0.800000
   -0.990000     0.787213
   -0.980000     0.774454
   -0.970000     0.761724
   -0.960000     0.749025
   -0.950000     0.736359
   -0.940000     0.723728
   -0.930000     0.711135
   -0.920000     0.698580
   -0.910000     0.686067
   -0.900000     0.673597
   -0.890000     0.661172
   -0.880000     0.648794
   -0.870000     0.636465
   -0.860000     0.624188
   -0.850000     0.611964
   -0.840000     0.599796
   -0.830000     0.587686
   -0.820000     0.575636
   -0.810000     0.563648
   -0.800000     0.551724
   -0.790000     0.539867
   -0.780000     0.528079
   -0.770000     0.516362
   -0.760000     0.504719
   -0.750000     0.493151
   -0.740000     0.481661
   -0.730000     0.470251
   -0.720000     0.458924
   -0.710000     0.447681
   -0.700000     0.436526
   -0.690000     0.425460
   -0.680000     0.414485
   -0.670000     0.403605
   -0.660000     0.392822
   -0.650000     0.382137
   -0.640000     0.371553
   -0.630000     0.361073
   -0.620000     0.350698
   -0.610000     0.340431
   -0.600000     0.330275
   -0.590000     0.320232
   -0.580000     0.310303
   -0.570000     0.300492
   -0.560000     0.290801
   -0.550000     0.281232
   -0.540000     0.271787
   -0.530000     0.262468
   -0.520000     0.253278
   -0.510000     0.244220
   -0.500000     0.235294
   -0.490000     0.226504
   -0.480000     0.217852
   -0.470000     0.209339
   -0.460000     0.200969
   -0.450000     0.192742
   -0.440000     0.184662
   -0.430000     0.176731
   -0.420000     0.168949
   -0.410000     0.161321
   -0.400000     0.153846
   -0.390000     0.146528
   -0.380000     0.139369
   -0.370000     0.132370
   -0.360000     0.125533
   -0.350000     0.118860
   -0.340000     0.112353
   -0.330000     0.106014
   -0.320000     0.099844
   -0.310000     0.093845
   -0.300000     0.088020
   -0.290000     0.082368
   -0.280000     0.076893
   -0.270000     0.071595
   -0.260000     0.066477
   -0.250000     0.061538
   -0.240000     0.056782
   -0.230000     0.052210
   -0.220000     0.047821
   -0.210000     0.043619
   -0.200000     0.039604
   -0.190000     0.035777
   -0.180000     0.032140
   -0.170000     0.028693
   -0.160000     0.025437
   -0.150000     0.022374
   -0.140000     0.019504
   -0.130000     0.016829
   -0.120000     0.014348
   -0.110000     0.012064
   -0.100000     0.009975
   -0.090000     0.008084
   -0.080000     0.006390
   -0.070000     0.004894
   -0.060000     0.003597
   -0.050000     0.002498
   -0.040000     0.001599
   -0.030000     0.000900
   -0.020000     0.000400
   -0.010000     0.000100
    0.000000     0.000000
    0.010000     0.000100
    0.020000     0.000400
    0.030000     0.000900
    0.040000     0.001599
    0.050000     0.002498
    0.060000     0.003597
    0.070000     0.004894
    0.080000     0.006390
    0.090000     0.008084
    0.100000     0.009975
    0.110000     0.012064
    0.120000     0.014348
    0.130000     0.016829
    0.140000     0.019504
    0.150000     0.022374
    0.160000     0.025437
    0.170000     0.028693
    0.180000     0.032140
    0.190000     0.035777
    0.200000     0.039604
    0.210000     0.043619
    0.220000     0.047821
    0.230000     0.052210
    0.240000     0.056782
    0.250000     0.061538
    0.260000     0.066477
    0.270000     0.071595
    0.280000     0.076893
    0.290000     0.082368
    0.300000     0.088020
    0.310000     0.093845
    0.320000     0.099844
    0.330000     0.106014
    0.340000     0.112353
    0.350000     0.118860
    0.360000     0.125533
    0.370000     0.132370
    0.380000     0.139369
    0.390000     0.146528
    0.400000     0.153846
    0.410000     0.161321
    0.420000     0.168949
    0.430000     0.176731
    0.440000     0.184662
    0.450000     0.192742
    0.460000     0.200969
    0.470000     0.209339
    0.480000     0.217852
    0.490000     0.226504
    0.500000     0.235294
    0.510000     0.244220
    0.520000     0.253278
    0.530000     0.262468
    0.540000     0.271787
    0.550000     0.281232
    0.560000     0.290801
    0.570000     0.300492
    0.580000     0.310303
    0.590000     0.320232
    0.600000     0.330275
    0.610000     0.340431
    0.620000     0.350698
    0.630000     0.361073
    0.640000     0.371553
    0.650000     0.382137
    0.660000     0.392822
    0.670000     0.403605
    0.680000     0.414485
    0.690000     0.425460
    0.700000     0.436526
    0.710000     0.447681
    0.720000     0.458924
    0.730000     0.470251
    0.740000     0.481661
    0.750000     0.493151
    0.760000     0.504719
    0.770000     0.516362
    0.780000     0.528079
    0.790000     0.539867
    0.800000     0.551724
    0.810000     0.563648
    0.820000     0.575636
    0.830000     0.587686
    0.840000     0.599796
    0.850000     0.611964
    0.860000     0.624188
    0.870000     0.636465
    0.880000     0.648794
    0.890000     0.661172
    0.900000     0.673597
    0.910000     0.686067
    0.920000     0.698580
    0.930000     0.711135
    0.940000     0.723728
    0.950000     0.736359
    0.960000     0.749025
    0.970000     0.761724
    0.980000     0.774454
    0.990000     0.787213
    1.000000     0.800000
    1.010000     0.812812
    1.020000     0.825649
    1.030000     0.838507
    1.040000     0.851385
    1.050000     0.864282
    1.060000     0.877196
    1.070000     0.890124
    1.080000     0.903066
    1.090000     0.916019
    1.100000     0.928983
    1.110000     0.941954
    1.120000     0.954933
    1.130000     0.967917
    1.140000     0.980904
    1.150000     0.993894
    1.160000     1.006884
    1.170000     1.019874
    1.180000     1.032861
    1.190000     1.045845
    1.200000     1.058824
    1.210000     1.071796
    1.220000     1.084761
    1.230000     1.097716
    1.240000     1.110662
    1.250000     1.123596
    1.260000     1.136517
    1.270000     1.149424
    1.280000     1.162316
    1.290000     1.175191
    1.300000     1.188049
    1.310000     1.200889
    1.320000     1.213709
    1.330000     1.226508
    1.340000     1.239285
    1.350000     1.252040
    1.360000     1.264770
    1.370000     1.277476
    1.380000     1.290156
    1.390000     1.302810
    1.400000     1.315436
    1.410000     1.328034
    1.420000     1.340602
    1.430000     1.353141
    1.440000     1.365648
    1.450000     1.378124
    1.460000     1.390567
    1.470000     1.402977
    1.480000     1.415353
    1.490000     1.427694
    1.500000     1.440000
    1.510000     1.452270
    1.520000     1.464503
    1.530000     1.476699
    1.540000     1.488857
    1.550000     1.500976
    1.560000     1.513056
    1.570000     1.525097
    1.580000     1.537097
    1.590000     1.549057
    1.600000     1.560976
    1.610000     1.572852
    1.620000     1.584687
    1.630000     1.596479
    1.640000     1.608228
    1.650000     1.619933
    1.660000     1.631595
    1.670000     1.643212
    1.680000     1.654784
    1.690000     1.666312
    1.700000     1.677794
    1.710000     1.689230
    1.720000     1.700621
    1.730000     1.711965
    1.740000     1.723263
    1.750000     1.734513
    1.760000     1.745717
    1.770000     1.756873
    1.780000     1.767982
    1.790000     1.779042
    1.800000     1.790055
    1.810000     1.801020
    1.820000     1.811936
    1.830000     1.822803
    1.840000     1.833622
    1.850000     1.844392
    1.860000     1.855113
    1.870000     1.865785
    1.880000     1.876407
    1.890000     1.886980
    1.900000     1.897503
    1.910000     1.907977
    1.920000     1.918401
    1.930000     1.928776
    1.940000     1.939100
    1.950000     1.949375
    1.960000     1.959600
    1.970000     1.969775
    1.980000     1.979900
    1.990000     1.989975
    2.000000     2.000000
    2.010000     2.009975
    2.020000     2.019900
    2.030000     2.029775
    2.040000     2.039600
    2.050000     2.049375
    2.060000     2.059100
    2.070000     2.068776
    2.080000     2.078401
    2.090000     2.087977
    2.100000     2.097503
    2.110000     2.106979
    2.120000     2.116406
    2.130000     2.125783
    2.140000     2.135111
    2.150000     2.144390
    2.160000     2.153619
    2.170000     2.162799
    2.180000     2.171930
    2.190000     2.181012
    2.200000     2.190045
    2.210000     2.199030
    2.220000     2.207966
    2.230000     2.216853
    2.240000     2.225692
    2.250000     2.234483
    2.260000     2.243225
    2.270000     2.251920
    2.280000     2.260567
    2.290000     2.269166
    2.300000     2.277718
    2.310000     2.286222
    2.320000     2.294679
    2.330000     2.303089
    2.340000     2.311453
    2.350000     2.319769
    2.360000     2.328039
    2.370000     2.336262
    2.380000     2.344439
    2.390000     2.352571
    2.400000     2.360656
    2.410000     2.368695
    2.420000     2.376689
    2.430000     2.384638
    2.440000     2.392541
    2.450000     2.400400
    2.460000     2.408214
    2.470000     2.415983
    2.480000     2.423707
    2.490000     2.431388
    2.500000     2.439024
    2.510000     2.446617
    2.520000     2.454166
    2.530000     2.461672
    2.540000     2.469134
    2.550000     2.476553
    2.560000     2.483930
    2.570000     2.491263
    2.580000     2.498555
    2.590000     2.505804
    2.600000     2.513011
    2.610000     2.520176
    2.620000     2.527300
    2.630000     2.534382
    2.640000     2.541424
    2.650000     2.548424
    2.660000     2.555383
    2.670000     2.562302
    2.680000     2.569180
    2.690000     2.576018
    2.700000     2.582817
    2.710000     2.589575
    2.720000     2.596294
    2.730000     2.602974
    2.740000     2.609615
    2.750000     2.616216
    2.760000     2.622779
    2.770000     2.629304
    2.780000     2.635790
    2.790000     2.642238
    2.800000     2.648649
    2.810000     2.655021
    2.820000     2.661357
    2.830000     2.667655
    2.840000     2.673916
    2.850000     2.680140
    2.860000     2.686328
    2.870000     2.692479
    2.880000     2.698594
    2.890000     2.704674
    2.900000     2.710717
    2.910000     2.716725
    2.920000     2.722698
    2.930000     2.728635
    2.940000     2.734538
    2.950000     2.740405
    2.960000     2.746239
    2.970000     2.752038
    2.980000     2.757803
    2.990000     2.763534
    3.000000     2.769231
    3.010000     2.774895
    3.020000     2.780525
    3.030000     2.786122
    3.040000     2.791687
    3.050000     2.797219
    3.060000     2.802718
    3.070000     2.808185
    3.080000     2.813620
    3.090000     2.819023
    3.100000     2.824394
    3.110000     2.829734
    3.120000     2.835042
    3.130000     2.840319
    3.140000     2.845566
    3.150000     2.850781
    3.160000     2.855966
    3.170000     2.861121
    3.180000     2.866245
    3.190000     2.871340
    3.200000     2.876404
    3.210000     2.881440
    3.220000     2.886445
    3.230000     2.891422
    3.240000     2.896369
    3.250000     2.901288
    3.260000     2.906177
    3.270000     2.911039
    3.280000     2.915872
    3.290000     2.920676
    3.300000     2.925453
    3.310000     2.930202
    3.320000     2.934924
    3.330000     2.939618
    3.340000     2.944285
    3.350000     2.948924
    3.360000     2.953537
    3.370000     2.958123
    3.380000     2.962683
    3.390000     2.967216
    3.400000     2.971722
    3.410000     2.976203
    3.420000     2.980658
    3.430000     2.985087
    3.440000     2.989491
    3.450000     2.993869
    3.460000     2.998222
    3.470000     3.002550
    3.480000     3.006853
    3.490000     3.011131
    3.500000     3.015385
    3.510000     3.019614
    3.520000     3.023819
    3.530000     3.028000
    3.540000     3.032157
    3.550000     3.036290
    3.560000     3.040399
    3.570000     3.044485
    3.580000     3.048548
    3.590000     3.052587
    3.600000     3.056604
    3.610000     3.060597
    3.620000     3.064568
    3.630000     3.068516
    3.640000     3.072442
    3.650000     3.076346
    3.660000     3.080227
    3.670000     3.084087
    3.680000     3.087924
    3.690000     3.091740
    3.700000     3.095534
    3.710000     3.099307
    3.720000     3.103059
    3.730000     3.106789
    3.740000     3.110498
    3.750000     3.114187
    3.760000     3.117855
    3.770000     3.121502
    3.780000     3.125128
    3.790000     3.128735
    3.800000     3.132321
    3.810000     3.135887
    3.820000     3.139433
    3.830000     3.142960
    3.840000     3.146466
    3.850000     3.149954
    3.860000     3.153421
    3.870000     3.156870
    3.880000     3.160299
    3.890000     3.163709
    3.900000     3.167100
    3.910000     3.170473
    3.920000     3.173827
    3.930000     3.177162
    3.940000     3.180479
    3.950000     3.183778
    3.960000     3.187058
    3.970000     3.190320
    3.980000     3.193565
    3.990000     3.196791
    4.000000     3.200000
    4.010000     3.203191
    4.020000     3.206365
    4.030000     3.209521
    4.040000     3.212660
    4.050000     3.215782
    4.060000     3.218887
    4.070000     3.221975
    4.080000     3.225046
    4.090000     3.228101
    4.100000     3.231139
    4.110000     3.234160
    4.120000     3.237165
    4.130000     3.240154
    4.140000     3.243127
    4.150000     3.246083
    4.160000     3.249024
    4.170000     3.251948
    4.180000     3.254857
    4.190000     3.257751
    4.200000     3.260628
    4.210000     3.263491
    4.220000     3.266338
    4.230000     3.269169
    4.240000     3.271986
    4.250000     3.274788
    4.260000     3.277574
    4.270000     3.280346
    4.280000     3.283103
    4.290000     3.285845
    4.300000     3.288573
    4.310000     3.291286
    4.320000     3.293985
    4.330000     3.296669
    4.340000     3.299340
    4.350000     3.301996
    4.360000     3.304638
    4.370000     3.307266
    4.380000     3.309881
    4.390000     3.312481
    4.400000     3.315068
    4.410000     3.317642
    4.420000     3.320202
    4.430000     3.322748
    4.440000     3.325282
    4.450000     3.327802
    4.460000     3.330309
    4.470000     3.332802
    4.480000     3.335283
    4.490000     3.337751
    4.500000     3.340206
    4.510000     3.342649
    4.520000     3.345078
    4.530000     3.347495
    4.540000     3.349900
    4.550000     3.352292
    4.560000     3.354672
    4.570000     3.357040
    4.580000     3.359395
    4.590000     3.361739
    4.600000     3.364070
    4.610000     3.366389
    4.620000     3.368697
    4.630000     3.370993
    4.640000     3.373277
    4.650000     3.375549
    4.660000     3.377810
    4.670000     3.380059
    4.680000     3.382297
    4.690000     3.384523
    4.700000     3.386738
    4.710000     3.388942
    4.720000     3.391135
    4.730000     3.393317
    4.740000     3.395487
    4.750000     3.397647
    4.760000     3.399796
    4.770000     3.401934
    4.780000     3.404061
    4.790000     3.406178
    4.800000     3.408284
    4.810000     3.410380
    4.820000     3.412465
    4.830000     3.414539
    4.840000     3.416603
    4.850000     3.418657
    4.860000     3.420701
    4.870000     3.422735
    4.880000     3.424758
    4.890000     3.426772
    4.900000     3.428775
    4.910000     3.430769
    4.920000     3.432753
    4.930000     3.434727
    4.940000     3.436691
    4.950000     3.438646
    4.960000     3.440591
    4.970000     3.442526
    4.980000     3.444452
    4.990000     3.446369
    5.000000     3.448276
    5.010000     3.450174
    5.020000     3.452062
    5.030000     3.453942
    5.040000     3.455812
    5.050000     3.457673
    5.060000     3.459525
    5.070000     3.461368
    5.080000     3.463203
    5.090000     3.465028
    5.100000     3.466844
    5.110000     3.468652
    5.120000     3.470451
    5.130000     3.472242
    5.140000     3.474023
    5.150000     3.475797
    5.160000     3.477561
    5.170000     3.479318
    5.180000     3.481065
    5.190000     3.482805
    5.200000     3.484536
    5.210000     3.486259
    5.220000     3.487974
    5.230000     3.489680
    5.240000     3.491379
    5.250000     3.493069
    5.260000     3.494752
    5.270000     3.496426
    5.280000     3.498093
    5.290000     3.499751
    5.300000     3.501402
    5.310000     3.503045
    5.320000     3.504681
    5.330000     3.506308
    5.340000     3.507929
    5.350000     3.509541
    5.360000     3.511146
    5.370000     3.512743
    5.380000     3.514333
    5.390000     3.515916
    5.400000     3.517491
    5.410000     3.519059
    5.420000     3.520619
    5.430000     3.522173
    5.440000     3.523719
    5.450000     3.525258
    5.460000     3.526790
    5.470000     3.528314
    5.480000     3.529832
    5.490000     3.531343
    5.500000     3.532847
    5.510000     3.534344
    5.520000     3.535834
    5.530000     3.537317
    5.540000     3.538793
    5.550000     3.540263
    5.560000     3.541726
    5.570000     3.543182
    5.580000     3.544632
    5.590000     3.546075
    5.600000     3.547511
    5.610000     3.548941
    5.620000     3.550365
    5.630000     3.551782
    5.640000     3.553192
    5.650000     3.554597
    5.660000     3.555995
    5.670000     3.557386
    5.680000     3.558772
    5.690000     3.560151
    5.700000     3.561524
    5.710000     3.562890
    5.720000     3.564251
    5.730000     3.565606
    5.740000     3.566954
    5.750000     3.568297
    5.760000     3.569633
    5.770000     3.570964
    5.780000     3.572289
    5.790000     3.573607
    5.800000     3.574920
    5.810000     3.576227
    5.820000     3.577529
    5.830000     3.578824
    5.840000     3.580114
    5.850000     3.581398
    5.860000     3.582677
    5.870000     3.583950
    5.880000     3.585217
    5.890000     3.586479
    5.900000     3.587735
    5.910000     3.588986
    5.920000     3.590231
    5.930000     3.591471
    5.940000     3.592705
    5.950000     3.593934
    5.960000     3.595158
    5.970000     3.596376
    5.980000     3.597590
    5.990000     3.598797
    6.000000     3.600000
    6.010000     3.601197
    6.020000     3.602390
    6.030000     3.603577
    6.040000     3.604759
    6.050000     3.605936
    6.060000     3.607107
    6.070000     3.608274
    6.080000     3.609436
    6.090000     3.610593
    6.100000     3.611745
    6.110000     3.612892
    6.120000     3.614034
    6.130000     3.615171
    6.140000     3.616303
    6.150000     3.617431
    6.160000     3.618554
    6.170000     3.619672
    6.180000     3.620785
    6.190000     3.621893
    6.200000     3.622997
    6.210000     3.624096
    6.220000     3.625191
    6.230000     3.626281
    6.240000     3.627366
    6.250000     3.628447
    6.260000     3.629523
    6.270000     3.630595
    6.280000     3.631662
    6.290000     3.632725
    6.300000     3.633783
    6.310000     3.634837
    6.320000     3.635887
    6.330000     3.636932
    6.340000     3.637973
    6.350000     3.639010
    6.360000     3.640042
    6.370000     3.641070
    6.380000     3.642093
    6.390000     3.643113
    6.400000     3.644128
    6.410000     3.645139
    6.420000     3.646146
    6.430000     3.647149
    6.440000     3.648147
    6.450000     3.649142
    6.460000     3.650133
    6.470000     3.651119
    6.480000     3.652101
    6.490000     3.653080
    6.500000     3.654054
    6.510000     3.655024
    6.520000     3.655991
    6.530000     3.656953
    6.540000     3.657912
    6.550000     3.658867
    6.560000     3.659818
    6.570000     3.660765
    6.580000     3.661708
    6.590000     3.662647
    6.600000     3.663583
    6.610000     3.664515
    6.620000     3.665443
    6.630000     3.666367
    6.640000     3.667288
    6.650000     3.668205
    6.660000     3.669118
    6.670000     3.670028
    6.680000     3.670934
    6.690000     3.671836
    6.700000     3.672735
    6.710000     3.673630
    6.720000     3.674522
    6.730000     3.675410
    6.740000     3.676294
    6.750000     3.677175
    6.760000     3.678053
    6.770000     3.678927
    6.780000     3.679798
    6.790000     3.680665
    6.800000     3.681529
    6.810000     3.682389
    6.820000     3.683246
    6.830000     3.684100
    6.840000     3.684950
    6.850000     3.685797
    6.860000     3.686641
    6.870000     3.687481
    6.880000     3.688318
    6.890000     3.689152
    6.900000     3.689983
    6.910000     3.690810
    6.920000     3.691634
    6.930000     3.692455
    6.940000     3.693273
    6.950000     3.694087
    6.960000     3.694899
    6.970000     3.695707
    6.980000     3.696512
    6.990000     3.697314
    7.000000     3.698113
    7.010000     3.698909
    7.020000     3.699702
    7.030000     3.700492
    7.040000     3.701279
    7.050000     3.702062
    7.060000     3.702843
    7.070000     3.703621
    7.080000     3.704396
    7.090000     3.705167
    7.100000     3.705936
    7.110000     3.706702
    7.120000     3.707465
    7.130000     3.708226
    7.140000     3.708983
    7.150000     3.709737
    7.160000     3.710489
    7.170000     3.711238
    7.180000     3.711984
    7.190000     3.712727
    7.200000     3.713467
    7.210000     3.714205
    7.220000     3.714939
    7.230000     3.715671
    7.240000     3.716401
    7.250000     3.717127
    7.260000     3.717851
    7.270000     3.718572
    7.280000     3.719290
    7.290000     3.720006
    7.300000     3.720719
    7.310000     3.721430
    7.320000     3.722137
    7.330000     3.722842
    7.340000     3.723545
    7.350000     3.724245
    7.360000     3.724942
    7.370000     3.725637
    7.380000     3.726329
    7.390000     3.727019
    7.400000     3.727706
    7.410000     3.728390
    7.420000     3.729073
    7.430000     3.729752
    7.440000     3.730429
    7.450000     3.731104
    7.460000     3.731776
    7.470000     3.732445
    7.480000     3.733113
    7.490000     3.733777
    7.500000     3.734440
    7.510000     3.735100
    7.520000     3.735757
    7.530000     3.736412
    7.540000     3.737065
    7.550000     3.737716
    7.560000     3.738364
    7.570000     3.739009
    7.580000     3.739653
    7.590000     3.740294
    7.600000     3.740933
    7.610000     3.741569
    7.620000     3.742203
    7.630000     3.742835
    7.640000     3.743465
    7.650000     3.744092
    7.660000     3.744717
    7.670000     3.745340
    7.680000     3.745961
    7.690000     3.746579
    7.700000     3.747195
    7.710000     3.747809
    7.720000     3.748421
    7.730000     3.749031
    7.740000     3.749639
    7.750000     3.750244
    7.760000     3.750847
    7.770000     3.751448
    7.780000     3.752047
    7.790000     3.752644
    7.800000     3.753239
    7.810000     3.753831
    7.820000     3.754422
    7.830000     3.755010
    7.840000     3.755597
    7.850000     3.756181
    7.860000     3.756763
    7.870000     3.757344
    7.880000     3.757922
    7.890000     3.758498
    7.900000     3.759072
    7.910000     3.759645
    7.920000     3.760215
    7.930000     3.760783
    7.940000     3.761349
    7.950000     3.761914
    7.960000     3.762476
    7.970000     3.763036
    7.980000     3.763595
    7.990000     3.764151
    8.000000     3.764706
