 -6.0000 -315.0000
 -5.9500 -307.9024
 -5.9000 -300.9090
 -5.8500 -294.0191
 -5.8000 -287.2320
 -5.7500 -280.5469
 -5.7000 -273.9630
 -5.6500 -267.4796
 -5.6000 -261.0960
 -5.5500 -254.8114
 -5.5000 -248.6250
 -5.4500 -242.5361
 -5.4000 -236.5440
 -5.3500 -230.6479
 -5.3000 -224.8470
 -5.2500 -219.1406
 -5.2000 -213.5280
 -5.1500 -208.0084
 -5.1000 -202.5810
 -5.0500 -197.2451
 -5.0000 -192.0000
 -4.9500 -186.8449
 -4.9000 -181.7790
 -4.8500 -176.8016
 -4.8000 -171.9120
 -4.7500 -167.1094
 -4.7000 -162.3930
 -4.6500 -157.7621
 -4.6000 -153.2160
 -4.5500 -148.7539
 -4.5000 -144.3750
 -4.4500 -140.0786
 -4.4000 -135.8640
 -4.3500 -131.7304
 -4.3000 -127.6770
 -4.2500 -123.7031
 -4.2000 -119.8080
 -4.1500 -115.9909
 -4.1000 -112.2510
 -4.0500 -108.5876
 -4.0000 -105.0000
 -3.9500 -101.4874
 -3.9000 -98.0490
 -3.8500 -94.6841
 -3.8000 -91.3920
 -3.7500 -88.1719
 -3.7000 -85.0230
 -3.6500 -81.9446
 -3.6000 -78.9360
 -3.5500 -75.9964
 -3.5000 -73.1250
 -3.4500 -70.3211
 -3.4000 -67.5840
 -3.3500 -64.9129
 -3.3000 -62.3070
 -3.2500 -59.7656
 -3.2000 -57.2880
 -3.1500 -54.8734
 -3.1000 -52.5210
 -3.0500 -50.2301
 -3.0000 -48.0000
 -2.9500 -45.8299
 -2.9000 -43.7190
 -2.8500 -41.6666
 -2.8000 -39.6720
 -2.7500 -37.7344
 -2.7000 -35.8530
 -2.6500 -34.0271
 -2.6000 -32.2560
 -2.5500 -30.5389
 -2.5000 -28.8750
 -2.4500 -27.2636
 -2.4000 -25.7040
 -2.3500 -24.1954
 -2.3000 -22.7370
 -2.2500 -21.3281
 -2.2000 -19.9680
 -2.1500 -18.6559
 -2.1000 -17.3910
 -2.0500 -16.1726
 -2.0000 -15.0000
 -1.9500 -13.8724
 -1.9000 -12.7890
 -1.8500 -11.7491
 -1.8000 -10.7520
 -1.7500  -9.7969
 -1.7000  -8.8830
 -1.6500  -8.0096
 -1.6000  -7.1760
 -1.5500  -6.3814
 -1.5000  -5.6250
 -1.4500  -4.9061
 -1.4000  -4.2240
 -1.3500  -3.5779
 -1.3000  -2.9670
 -1.2500  -2.3906
 -1.2000  -1.8480
 -1.1500  -1.3384
 -1.1000  -0.8610
 -1.0500  -0.4151
 -1.0000   0.0000
 -0.9500   0.3851
 -0.9000   0.7410
 -0.8500   1.0684
 -0.8000   1.3680
 -0.7500   1.6406
 -0.7000   1.8870
 -0.6500   2.1079
 -0.6000   2.3040
 -0.5500   2.4761
 -0.5000   2.6250
 -0.4500   2.7514
 -0.4000   2.8560
 -0.3500   2.9396
 -0.3000   3.0030
 -0.2500   3.0469
 -0.2000   3.0720
 -0.1500   3.0791
 -0.1000   3.0690
 -0.0500   3.0424
  0.0000   3.0000
  0.0500   2.9426
  0.1000   2.8710
  0.1500   2.7859
  0.2000   2.6880
  0.2500   2.5781
  0.3000   2.4570
  0.3500   2.3254
  0.4000   2.1840
  0.4500   2.0336
  0.5000   1.8750
  0.5500   1.7089
  0.6000   1.5360
  0.6500   1.3571
  0.7000   1.1730
  0.7500   0.9844
  0.8000   0.7920
  0.8500   0.5966
  0.9000   0.3990
  0.9500   0.1999
  1.0000  -0.0000
  1.0500  -0.1999
  1.1000  -0.3990
  1.1500  -0.5966
  1.2000  -0.7920
  1.2500  -0.9844
  1.3000  -1.1730
  1.3500  -1.3571
  1.4000  -1.5360
  1.4500  -1.7089
  1.5000  -1.8750
  1.5500  -2.0336
  1.6000  -2.1840
  1.6500  -2.3254
  1.7000  -2.4570
  1.7500  -2.5781
  1.8000  -2.6880
  1.8500  -2.7859
  1.9000  -2.8710
  1.9500  -2.9426
  2.0000  -3.0000
  2.0500  -3.0424
  2.1000  -3.0690
  2.1500  -3.0791
  2.2000  -3.0720
  2.2500  -3.0469
  2.3000  -3.0030
  2.3500  -2.9396
  2.4000  -2.8560
  2.4500  -2.7514
  2.5000  -2.6250
  2.5500  -2.4761
  2.6000  -2.3040
  2.6500  -2.1079
  2.7000  -1.8870
  2.7500  -1.6406
  2.8000  -1.3680
  2.8500  -1.0684
  2.9000  -0.7410
  2.9500  -0.3851
  3.0000   0.0000
  3.0500   0.4151
  3.1000   0.8610
  3.1500   1.3384
  3.2000   1.8480
  3.2500   2.3906
  3.3000   2.9670
  3.3500   3.5779
  3.4000   4.2240
  3.4500   4.9061
  3.5000   5.6250
  3.5500   6.3814
  3.6000   7.1760
  3.6500   8.0096
  3.7000   8.8830
  3.7500   9.7969
  3.8000  10.7520
  3.8500  11.7491
  3.9000  12.7890
  3.9500  13.8724
  4.0000  15.0000
  4.0500  16.1726
  4.1000  17.3910
  4.1500  18.6559
  4.2000  19.9680
  4.2500  21.3281
  4.3000  22.7370
  4.3500  24.1954
  4.4000  25.7040
  4.4500  27.2636
  4.5000  28.8750
  4.5500  30.5389
  4.6000  32.2560
  4.6500  34.0271
  4.7000  35.8530
  4.7500  37.7344
  4.8000  39.6720
  4.8500  41.6666
  4.9000  43.7190
  4.9500  45.8299
  5.0000  48.0000
  5.0500  50.2301
  5.1000  52.5210
  5.1500  54.8734
  5.2000  57.2880
  5.2500  59.7656
  5.3000  62.3070
  5.3500  64.9129
  5.4000  67.5840
  5.4500  70.3211
  5.5000  73.1250
  5.5500  75.9964
  5.6000  78.9360
  5.6500  81.9446
  5.7000  85.0230
  5.7500  88.1719
  5.8000  91.3920
  5.8500  94.6841
  5.9000  98.0490
  5.9500 101.4874
  6.0000 105.0000
