 -2.9000  -9.6108
 -2.8500  -9.0625
 -2.8000  -8.5288
 -2.7500  -8.0096
 -2.7000  -7.5047
 -2.6500  -7.0140
 -2.6000  -6.5372
 -2.5500  -6.0743
 -2.5000  -5.6250
 -2.4500  -5.1892
 -2.4000  -4.7668
 -2.3500  -4.3575
 -2.3000  -3.9613
 -2.2500  -3.5779
 -2.2000  -3.2072
 -2.1500  -2.8490
 -2.1000  -2.5032
 -2.0500  -2.1696
 -2.0000  -1.8480
 -1.9500  -1.5383
 -1.9000  -1.2403
 -1.8500  -0.9539
 -1.8000  -0.6789
 -1.7500  -0.4151
 -1.7000  -0.1624
 -1.6500   0.0794
 -1.6000   0.3105
 -1.5500   0.5309
 -1.5000   0.7410
 -1.4500   0.9408
 -1.4000   1.1305
 -1.3500   1.3103
 -1.3000   1.4802
 -1.2500   1.6406
 -1.2000   1.7916
 -1.1500   1.9332
 -1.1000   2.0657
 -1.0500   2.1893
 -1.0000   2.3040
 -0.9500   2.4101
 -0.9000   2.5077
 -0.8500   2.5970
 -0.8000   2.6782
 -0.7500   2.7514
 -0.7000   2.8167
 -0.6500   2.8744
 -0.6000   2.9245
 -0.5500   2.9674
 -0.5000   3.0030
 -0.4500   3.0316
 -0.4000   3.0534
 -0.3500   3.0684
 -0.3000   3.0770
 -0.2500   3.0791
 -0.2000   3.0751
 -0.1500   3.0650
 -0.1000   3.0490
 -0.0500   3.0273
  0.0000   3.0000
  0.0500   2.9673
  0.1000   2.9294
  0.1500   2.8864
  0.2000   2.8385
  0.2500   2.7859
  0.3000   2.7286
  0.3500   2.6670
  0.4000   2.6010
  0.4500   2.5310
  0.5000   2.4570
  0.5500   2.3792
  0.6000   2.2979
  0.6500   2.2130
  0.7000   2.1249
  0.7500   2.0336
  0.8000   1.9394
  0.8500   1.8424
  0.9000   1.7427
  0.9500   1.6405
  1.0000   1.5360
  1.0500   1.4293
  1.1000   1.3207
  1.1500   1.2102
  1.2000   1.0980
  1.2500   0.9844
  1.3000   0.8694
  1.3500   0.7531
  1.4000   0.6359
  1.4500   0.5178
  1.5000   0.3990
  1.5500   0.2797
  1.6000   0.1599
  1.6500   0.0400
  1.7000  -0.0800
  1.7500  -0.1999
  1.8000  -0.3195
  1.8500  -0.4387
  1.9000  -0.5573
  1.9500  -0.6751
  2.0000  -0.7920
  2.0500  -0.9078
  2.1000  -1.0224
  2.1500  -1.1356
  2.2000  -1.2472
  2.2500  -1.3571
  2.3000  -1.4651
  2.3500  -1.5711
  2.4000  -1.6748
  2.4500  -1.7762
  2.5000  -1.8750
  2.5500  -1.9711
  2.6000  -2.0644
  2.6500  -2.1546
  2.7000  -2.2417
  2.7500  -2.3254
  2.8000  -2.4056
  2.8500  -2.4821
  2.9000  -2.5548
  2.9500  -2.6235
  3.0000  -2.6880
  3.0500  -2.7482
  3.1000  -2.8039
  3.1500  -2.8550
  3.2000  -2.9013
  3.2500  -2.9426
  3.3000  -2.9788
  3.3500  -3.0097
  3.4000  -3.0351
  3.4500  -3.0550
  3.5000  -3.0690
  3.5500  -3.0771
  3.6000  -3.0791
  3.6500  -3.0748
  3.7000  -3.0642
  3.7500  -3.0469
  3.8000  -3.0228
  3.8500  -2.9919
  3.9000  -2.9539
  3.9500  -2.9086
  4.0000  -2.8560
  4.0500  -2.7958
  4.1000  -2.7279
  4.1500  -2.6521
  4.2000  -2.5682
  4.2500  -2.4761
  4.3000  -2.3757
  4.3500  -2.2667
  4.4000  -2.1491
  4.4500  -2.0225
  4.5000  -1.8870
  4.5500  -1.7423
  4.6000  -1.5882
  4.6500  -1.4247
  4.7000  -1.2514
  4.7500  -1.0684
  4.8000  -0.8753
  4.8500  -0.6721
  4.9000  -0.4586
  4.9500  -0.2346
  5.0000   0.0000
  5.0500   0.2454
  5.1000   0.5018
  5.1500   0.7693
  5.2000   1.0481
  5.2500   1.3384
  5.3000   1.6402
  5.3500   1.9539
  5.4000   2.2794
  5.4500   2.6171
  5.5000   2.9670
  5.5500   3.3293
  5.6000   3.7043
  5.6500   4.0919
  5.7000   4.4925
  5.7500   4.9061
  5.8000   5.3330
  5.8500   5.7733
  5.9000   6.2271
  5.9500   6.6946
  6.0000   7.1760
