 -0.9500  -9.0625
 -0.9000  -7.5047
 -0.8500  -6.0743
 -0.8000  -4.7668
 -0.7500  -3.5779
 -0.7000  -2.5032
 -0.6500  -1.5383
 -0.6000  -0.6789
 -0.5500   0.0794
 -0.5000   0.7410
 -0.4500   1.3103
 -0.4000   1.7916
 -0.3500   2.1893
 -0.3000   2.5077
 -0.2500   2.7514
 -0.2000   2.9245
 -0.1500   3.0316
 -0.1000   3.0770
 -0.0500   3.0650
  0.0000   3.0000
  0.0500   2.8864
  0.1000   2.7286
  0.1500   2.5310
  0.2000   2.2979
  0.2500   2.0336
  0.3000   1.7427
  0.3500   1.4293
  0.4000   1.0980
  0.4500   0.7531
  0.5000   0.3990
  0.5500   0.0400
  0.6000  -0.3195
  0.6500  -0.6751
  0.7000  -1.0224
  0.7500  -1.3571
  0.8000  -1.6748
  0.8500  -1.9711
  0.9000  -2.2417
  0.9500  -2.4821
  1.0000  -2.6880
  1.0500  -2.8550
  1.1000  -2.9788
  1.1500  -3.0550
  1.2000  -3.0791
  1.2500  -3.0469
  1.3000  -2.9539
  1.3500  -2.7958
  1.4000  -2.5682
  1.4500  -2.2667
  1.5000  -1.8870
  1.5500  -1.4247
  1.6000  -0.8753
  1.6500  -0.2346
  1.7000   0.5018
  1.7500   1.3384
  1.8000   2.2794
  1.8500   3.3293
  1.9000   4.4925
  1.9500   5.7733
  2.0000   7.1760
  2.0500   8.7051
