 -6.0000 -313.0000
 -5.9500 -305.9024
 -5.9000 -298.9090
 -5.8500 -292.0191
 -5.8000 -285.2320
 -5.7500 -278.5469
 -5.7000 -271.9630
 -5.6500 -265.4796
 -5.6000 -259.0960
 -5.5500 -252.8114
 -5.5000 -246.6250
 -5.4500 -240.5361
 -5.4000 -234.5440
 -5.3500 -228.6479
 -5.3000 -222.8470
 -5.2500 -217.1406
 -5.2000 -211.5280
 -5.1500 -206.0084
 -5.1000 -200.5810
 -5.0500 -195.2451
 -5.0000 -190.0000
 -4.9500 -184.8449
 -4.9000 -179.7790
 -4.8500 -174.8016
 -4.8000 -169.9120
 -4.7500 -165.1094
 -4.7000 -160.3930
 -4.6500 -155.7621
 -4.6000 -151.2160
 -4.5500 -146.7539
 -4.5000 -142.3750
 -4.4500 -138.0786
 -4.4000 -133.8640
 -4.3500 -129.7304
 -4.3000 -125.6770
 -4.2500 -121.7031
 -4.2000 -117.8080
 -4.1500 -113.9909
 -4.1000 -110.2510
 -4.0500 -106.5876
 -4.0000 -103.0000
 -3.9500 -99.4874
 -3.9000 -96.0490
 -3.8500 -92.6841
 -3.8000 -89.3920
 -3.7500 -86.1719
 -3.7000 -83.0230
 -3.6500 -79.9446
 -3.6000 -76.9360
 -3.5500 -73.9964
 -3.5000 -71.1250
 -3.4500 -68.3211
 -3.4000 -65.5840
 -3.3500 -62.9129
 -3.3000 -60.3070
 -3.2500 -57.7656
 -3.2000 -55.2880
 -3.1500 -52.8734
 -3.1000 -50.5210
 -3.0500 -48.2301
 -3.0000 -46.0000
 -2.9500 -43.8299
 -2.9000 -41.7190
 -2.8500 -39.6666
 -2.8000 -37.6720
 -2.7500 -35.7344
 -2.7000 -33.8530
 -2.6500 -32.0271
 -2.6000 -30.2560
 -2.5500 -28.5389
 -2.5000 -26.8750
 -2.4500 -25.2636
 -2.4000 -23.7040
 -2.3500 -22.1954
 -2.3000 -20.7370
 -2.2500 -19.3281
 -2.2000 -17.9680
 -2.1500 -16.6559
 -2.1000 -15.3910
 -2.0500 -14.1726
 -2.0000 -13.0000
 -1.9500 -11.8724
 -1.9000 -10.7890
 -1.8500  -9.7491
 -1.8000  -8.7520
 -1.7500  -7.7969
 -1.7000  -6.8830
 -1.6500  -6.0096
 -1.6000  -5.1760
 -1.5500  -4.3814
 -1.5000  -3.6250
 -1.4500  -2.9061
 -1.4000  -2.2240
 -1.3500  -1.5779
 -1.3000  -0.9670
 -1.2500  -0.3906
 -1.2000   0.1520
 -1.1500   0.6616
 -1.1000   1.1390
 -1.0500   1.5849
 -1.0000   2.0000
 -0.9500   2.3851
 -0.9000   2.7410
 -0.8500   3.0684
 -0.8000   3.3680
 -0.7500   3.6406
 -0.7000   3.8870
 -0.6500   4.1079
 -0.6000   4.3040
 -0.5500   4.4761
 -0.5000   4.6250
 -0.4500   4.7514
 -0.4000   4.8560
 -0.3500   4.9396
 -0.3000   5.0030
 -0.2500   5.0469
 -0.2000   5.0720
 -0.1500   5.0791
 -0.1000   5.0690
 -0.0500   5.0424
  0.0000   5.0000
  0.0500   4.9426
  0.1000   4.8710
  0.1500   4.7859
  0.2000   4.6880
  0.2500   4.5781
  0.3000   4.4570
  0.3500   4.3254
  0.4000   4.1840
  0.4500   4.0336
  0.5000   3.8750
  0.5500   3.7089
  0.6000   3.5360
  0.6500   3.3571
  0.7000   3.1730
  0.7500   2.9844
  0.8000   2.7920
  0.8500   2.5966
  0.9000   2.3990
  0.9500   2.1999
  1.0000   2.0000
  1.0500   1.8001
  1.1000   1.6010
  1.1500   1.4034
  1.2000   1.2080
  1.2500   1.0156
  1.3000   0.8270
  1.3500   0.6429
  1.4000   0.4640
  1.4500   0.2911
  1.5000   0.1250
  1.5500  -0.0336
  1.6000  -0.1840
  1.6500  -0.3254
  1.7000  -0.4570
  1.7500  -0.5781
  1.8000  -0.6880
  1.8500  -0.7859
  1.9000  -0.8710
  1.9500  -0.9426
  2.0000  -1.0000
  2.0500  -1.0424
  2.1000  -1.0690
  2.1500  -1.0791
  2.2000  -1.0720
  2.2500  -1.0469
  2.3000  -1.0030
  2.3500  -0.9396
  2.4000  -0.8560
  2.4500  -0.7514
  2.5000  -0.6250
  2.5500  -0.4761
  2.6000  -0.3040
  2.6500  -0.1079
  2.7000   0.1130
  2.7500   0.3594
  2.8000   0.6320
  2.8500   0.9316
  2.9000   1.2590
  2.9500   1.6149
  3.0000   2.0000
  3.0500   2.4151
  3.1000   2.8610
  3.1500   3.3384
  3.2000   3.8480
  3.2500   4.3906
  3.3000   4.9670
  3.3500   5.5779
  3.4000   6.2240
  3.4500   6.9061
  3.5000   7.6250
  3.5500   8.3814
  3.6000   9.1760
  3.6500  10.0096
  3.7000  10.8830
  3.7500  11.7969
  3.8000  12.7520
  3.8500  13.7491
  3.9000  14.7890
  3.9500  15.8724
  4.0000  17.0000
  4.0500  18.1726
  4.1000  19.3910
  4.1500  20.6559
  4.2000  21.9680
  4.2500  23.3281
  4.3000  24.7370
  4.3500  26.1954
  4.4000  27.7040
  4.4500  29.2636
  4.5000  30.8750
  4.5500  32.5389
  4.6000  34.2560
  4.6500  36.0271
  4.7000  37.8530
  4.7500  39.7344
  4.8000  41.6720
  4.8500  43.6666
  4.9000  45.7190
  4.9500  47.8299
  5.0000  50.0000
  5.0500  52.2301
  5.1000  54.5210
  5.1500  56.8734
  5.2000  59.2880
  5.2500  61.7656
  5.3000  64.3070
  5.3500  66.9129
  5.4000  69.5840
  5.4500  72.3211
  5.5000  75.1250
  5.5500  77.9964
  5.6000  80.9360
  5.6500  83.9446
  5.7000  87.0230
  5.7500  90.1719
  5.8000  93.3920
  5.8500  96.6841
  5.9000 100.0490
  5.9500 103.4874
  6.0000 107.0000
