 -3.2500  -9.7969
 -3.2000  -8.8830
 -3.1500  -8.0096
 -3.1000  -7.1760
 -3.0500  -6.3814
 -3.0000  -5.6250
 -2.9500  -4.9061
 -2.9000  -4.2240
 -2.8500  -3.5779
 -2.8000  -2.9670
 -2.7500  -2.3906
 -2.7000  -1.8480
 -2.6500  -1.3384
 -2.6000  -0.8610
 -2.5500  -0.4151
 -2.5000   0.0000
 -2.4500   0.3851
 -2.4000   0.7410
 -2.3500   1.0684
 -2.3000   1.3680
 -2.2500   1.6406
 -2.2000   1.8870
 -2.1500   2.1079
 -2.1000   2.3040
 -2.0500   2.4761
 -2.0000   2.6250
 -1.9500   2.7514
 -1.9000   2.8560
 -1.8500   2.9396
 -1.8000   3.0030
 -1.7500   3.0469
 -1.7000   3.0720
 -1.6500   3.0791
 -1.6000   3.0690
 -1.5500   3.0424
 -1.5000   3.0000
 -1.4500   2.9426
 -1.4000   2.8710
 -1.3500   2.7859
 -1.3000   2.6880
 -1.2500   2.5781
 -1.2000   2.4570
 -1.1500   2.3254
 -1.1000   2.1840
 -1.0500   2.0336
 -1.0000   1.8750
 -0.9500   1.7089
 -0.9000   1.5360
 -0.8500   1.3571
 -0.8000   1.1730
 -0.7500   0.9844
 -0.7000   0.7920
 -0.6500   0.5966
 -0.6000   0.3990
 -0.5500   0.1999
 -0.5000  -0.0000
 -0.4500  -0.1999
 -0.4000  -0.3990
 -0.3500  -0.5966
 -0.3000  -0.7920
 -0.2500  -0.9844
 -0.2000  -1.1730
 -0.1500  -1.3571
 -0.1000  -1.5360
 -0.0500  -1.7089
  0.0000  -1.8750
  0.0500  -2.0336
  0.1000  -2.1840
  0.1500  -2.3254
  0.2000  -2.4570
  0.2500  -2.5781
  0.3000  -2.6880
  0.3500  -2.7859
  0.4000  -2.8710
  0.4500  -2.9426
  0.5000  -3.0000
  0.5500  -3.0424
  0.6000  -3.0690
  0.6500  -3.0791
  0.7000  -3.0720
  0.7500  -3.0469
  0.8000  -3.0030
  0.8500  -2.9396
  0.9000  -2.8560
  0.9500  -2.7514
  1.0000  -2.6250
  1.0500  -2.4761
  1.1000  -2.3040
  1.1500  -2.1079
  1.2000  -1.8870
  1.2500  -1.6406
  1.3000  -1.3680
  1.3500  -1.0684
  1.4000  -0.7410
  1.4500  -0.3851
  1.5000   0.0000
  1.5500   0.4151
  1.6000   0.8610
  1.6500   1.3384
  1.7000   1.8480
  1.7500   2.3906
  1.8000   2.9670
  1.8500   3.5779
  1.9000   4.2240
  1.9500   4.9061
  2.0000   5.6250
  2.0500   6.3814
  2.1000   7.1760
  2.1500   8.0096
  2.2000   8.8830
  2.2500   9.7969
