 -6.0000 -567.0000
 -5.9500 -554.2243
 -5.9000 -541.6362
 -5.8500 -529.2344
 -5.8000 -517.0176
 -5.7500 -504.9844
 -5.7000 -493.1334
 -5.6500 -481.4633
 -5.6000 -469.9728
 -5.5500 -458.6605
 -5.5000 -447.5250
 -5.4500 -436.5650
 -5.4000 -425.7792
 -5.3500 -415.1662
 -5.3000 -404.7246
 -5.2500 -394.4531
 -5.2000 -384.3504
 -5.1500 -374.4151
 -5.1000 -364.6458
 -5.0500 -355.0412
 -5.0000 -345.6000
 -4.9500 -336.3208
 -4.9000 -327.2022
 -4.8500 -318.2429
 -4.8000 -309.4416
 -4.7500 -300.7969
 -4.7000 -292.3074
 -4.6500 -283.9718
 -4.6000 -275.7888
 -4.5500 -267.7570
 -4.5000 -259.8750
 -4.4500 -252.1415
 -4.4000 -244.5552
 -4.3500 -237.1147
 -4.3000 -229.8186
 -4.2500 -222.6656
 -4.2000 -215.6544
 -4.1500 -208.7836
 -4.1000 -202.0518
 -4.0500 -195.4577
 -4.0000 -189.0000
 -3.9500 -182.6773
 -3.9000 -176.4882
 -3.8500 -170.4314
 -3.8000 -164.5056
 -3.7500 -158.7094
 -3.7000 -153.0414
 -3.6500 -147.5003
 -3.6000 -142.0848
 -3.5500 -136.7935
 -3.5000 -131.6250
 -3.4500 -126.5780
 -3.4000 -121.6512
 -3.3500 -116.8432
 -3.3000 -112.1526
 -3.2500 -107.5781
 -3.2000 -103.1184
 -3.1500 -98.7721
 -3.1000 -94.5378
 -3.0500 -90.4142
 -3.0000 -86.4000
 -2.9500 -82.4938
 -2.9000 -78.6942
 -2.8500 -74.9999
 -2.8000 -71.4096
 -2.7500 -67.9219
 -2.7000 -64.5354
 -2.6500 -61.2488
 -2.6000 -58.0608
 -2.5500 -54.9700
 -2.5000 -51.9750
 -2.4500 -49.0745
 -2.4000 -46.2672
 -2.3500 -43.5517
 -2.3000 -40.9266
 -2.2500 -38.3906
 -2.2000 -35.9424
 -2.1500 -33.5806
 -2.1000 -31.3038
 -2.0500 -29.1107
 -2.0000 -27.0000
 -1.9500 -24.9703
 -1.9000 -23.0202
 -1.8500 -21.1484
 -1.8000 -19.3536
 -1.7500 -17.6344
 -1.7000 -15.9894
 -1.6500 -14.4173
 -1.6000 -12.9168
 -1.5500 -11.4865
 -1.5000 -10.1250
 -1.4500  -8.8310
 -1.4000  -7.6032
 -1.3500  -6.4402
 -1.3000  -5.3406
 -1.2500  -4.3031
 -1.2000  -3.3264
 -1.1500  -2.4091
 -1.1000  -1.5498
 -1.0500  -0.7472
 -1.0000   0.0000
 -0.9500   0.6932
 -0.9000   1.3338
 -0.8500   1.9231
 -0.8000   2.4624
 -0.7500   2.9531
 -0.7000   3.3966
 -0.6500   3.7942
 -0.6000   4.1472
 -0.5500   4.4570
 -0.5000   4.7250
 -0.4500   4.9525
 -0.4000   5.1408
 -0.3500   5.2913
 -0.3000   5.4054
 -0.2500   5.4844
 -0.2000   5.5296
 -0.1500   5.5424
 -0.1000   5.5242
 -0.0500   5.4763
  0.0000   5.4000
  0.0500   5.2967
  0.1000   5.1678
  0.1500   5.0146
  0.2000   4.8384
  0.2500   4.6406
  0.3000   4.4226
  0.3500   4.1857
  0.4000   3.9312
  0.4500   3.6605
  0.5000   3.3750
  0.5500   3.0760
  0.6000   2.7648
  0.6500   2.4428
  0.7000   2.1114
  0.7500   1.7719
  0.8000   1.4256
  0.8500   1.0739
  0.9000   0.7182
  0.9500   0.3598
  1.0000  -0.0000
  1.0500  -0.3598
  1.1000  -0.7182
  1.1500  -1.0739
  1.2000  -1.4256
  1.2500  -1.7719
  1.3000  -2.1114
  1.3500  -2.4428
  1.4000  -2.7648
  1.4500  -3.0760
  1.5000  -3.3750
  1.5500  -3.6605
  1.6000  -3.9312
  1.6500  -4.1857
  1.7000  -4.4226
  1.7500  -4.6406
  1.8000  -4.8384
  1.8500  -5.0146
  1.9000  -5.1678
  1.9500  -5.2967
  2.0000  -5.4000
  2.0500  -5.4763
  2.1000  -5.5242
  2.1500  -5.5424
  2.2000  -5.5296
  2.2500  -5.4844
  2.3000  -5.4054
  2.3500  -5.2913
  2.4000  -5.1408
  2.4500  -4.9525
  2.5000  -4.7250
  2.5500  -4.4570
  2.6000  -4.1472
  2.6500  -3.7942
  2.7000  -3.3966
  2.7500  -2.9531
  2.8000  -2.4624
  2.8500  -1.9231
  2.9000  -1.3338
  2.9500  -0.6932
  3.0000   0.0000
  3.0500   0.7472
  3.1000   1.5498
  3.1500   2.4091
  3.2000   3.3264
  3.2500   4.3031
  3.3000   5.3406
  3.3500   6.4402
  3.4000   7.6032
  3.4500   8.8310
  3.5000  10.1250
  3.5500  11.4865
  3.6000  12.9168
  3.6500  14.4173
  3.7000  15.9894
  3.7500  17.6344
  3.8000  19.3536
  3.8500  21.1484
  3.9000  23.0202
  3.9500  24.9703
  4.0000  27.0000
  4.0500  29.1107
  4.1000  31.3038
  4.1500  33.5806
  4.2000  35.9424
  4.2500  38.3906
  4.3000  40.9266
  4.3500  43.5517
  4.4000  46.2672
  4.4500  49.0745
  4.5000  51.9750
  4.5500  54.9700
  4.6000  58.0608
  4.6500  61.2488
  4.7000  64.5354
  4.7500  67.9219
  4.8000  71.4096
  4.8500  74.9999
  4.9000  78.6942
  4.9500  82.4938
  5.0000  86.4000
  5.0500  90.4142
  5.1000  94.5378
  5.1500  98.7721
  5.2000 103.1184
  5.2500 107.5781
  5.3000 112.1526
  5.3500 116.8432
  5.4000 121.6512
  5.4500 126.5780
  5.5000 131.6250
  5.5500 136.7935
  5.6000 142.0848
  5.6500 147.5003
  5.7000 153.0414
  5.7500 158.7094
  5.8000 164.5056
  5.8500 170.4314
  5.9000 176.4882
  5.9500 182.6773
  6.0000 189.0000
