 -6.0000 -63.0000
 -5.9500 -61.5805
 -5.9000 -60.1818
 -5.8500 -58.8038
 -5.8000 -57.4464
 -5.7500 -56.1094
 -5.7000 -54.7926
 -5.6500 -53.4959
 -5.6000 -52.2192
 -5.5500 -50.9623
 -5.5000 -49.7250
 -5.4500 -48.5072
 -5.4000 -47.3088
 -5.3500 -46.1296
 -5.3000 -44.9694
 -5.2500 -43.8281
 -5.2000 -42.7056
 -5.1500 -41.6017
 -5.1000 -40.5162
 -5.0500 -39.4490
 -5.0000 -38.4000
 -4.9500 -37.3690
 -4.9000 -36.3558
 -4.8500 -35.3603
 -4.8000 -34.3824
 -4.7500 -33.4219
 -4.7000 -32.4786
 -4.6500 -31.5524
 -4.6000 -30.6432
 -4.5500 -29.7508
 -4.5000 -28.8750
 -4.4500 -28.0157
 -4.4000 -27.1728
 -4.3500 -26.3461
 -4.3000 -25.5354
 -4.2500 -24.7406
 -4.2000 -23.9616
 -4.1500 -23.1982
 -4.1000 -22.4502
 -4.0500 -21.7175
 -4.0000 -21.0000
 -3.9500 -20.2975
 -3.9000 -19.6098
 -3.8500 -18.9368
 -3.8000 -18.2784
 -3.7500 -17.6344
 -3.7000 -17.0046
 -3.6500 -16.3889
 -3.6000 -15.7872
 -3.5500 -15.1993
 -3.5000 -14.6250
 -3.4500 -14.0642
 -3.4000 -13.5168
 -3.3500 -12.9826
 -3.3000 -12.4614
 -3.2500 -11.9531
 -3.2000 -11.4576
 -3.1500 -10.9747
 -3.1000 -10.5042
 -3.0500 -10.0460
 -3.0000  -9.6000
 -2.9500  -9.1660
 -2.9000  -8.7438
 -2.8500  -8.3333
 -2.8000  -7.9344
 -2.7500  -7.5469
 -2.7000  -7.1706
 -2.6500  -6.8054
 -2.6000  -6.4512
 -2.5500  -6.1078
 -2.5000  -5.7750
 -2.4500  -5.4527
 -2.4000  -5.1408
 -2.3500  -4.8391
 -2.3000  -4.5474
 -2.2500  -4.2656
 -2.2000  -3.9936
 -2.1500  -3.7312
 -2.1000  -3.4782
 -2.0500  -3.2345
 -2.0000  -3.0000
 -1.9500  -2.7745
 -1.9000  -2.5578
 -1.8500  -2.3498
 -1.8000  -2.1504
 -1.7500  -1.9594
 -1.7000  -1.7766
 -1.6500  -1.6019
 -1.6000  -1.4352
 -1.5500  -1.2763
 -1.5000  -1.1250
 -1.4500  -0.9812
 -1.4000  -0.8448
 -1.3500  -0.7156
 -1.3000  -0.5934
 -1.2500  -0.4781
 -1.2000  -0.3696
 -1.1500  -0.2677
 -1.1000  -0.1722
 -1.0500  -0.0830
 -1.0000   0.0000
 -0.9500   0.0770
 -0.9000   0.1482
 -0.8500   0.2137
 -0.8000   0.2736
 -0.7500   0.3281
 -0.7000   0.3774
 -0.6500   0.4216
 -0.6000   0.4608
 -0.5500   0.4952
 -0.5000   0.5250
 -0.4500   0.5503
 -0.4000   0.5712
 -0.3500   0.5879
 -0.3000   0.6006
 -0.2500   0.6094
 -0.2000   0.6144
 -0.1500   0.6158
 -0.1000   0.6138
 -0.0500   0.6085
  0.0000   0.6000
  0.0500   0.5885
  0.1000   0.5742
  0.1500   0.5572
  0.2000   0.5376
  0.2500   0.5156
  0.3000   0.4914
  0.3500   0.4651
  0.4000   0.4368
  0.4500   0.4067
  0.5000   0.3750
  0.5500   0.3418
  0.6000   0.3072
  0.6500   0.2714
  0.7000   0.2346
  0.7500   0.1969
  0.8000   0.1584
  0.8500   0.1193
  0.9000   0.0798
  0.9500   0.0400
  1.0000  -0.0000
  1.0500  -0.0400
  1.1000  -0.0798
  1.1500  -0.1193
  1.2000  -0.1584
  1.2500  -0.1969
  1.3000  -0.2346
  1.3500  -0.2714
  1.4000  -0.3072
  1.4500  -0.3418
  1.5000  -0.3750
  1.5500  -0.4067
  1.6000  -0.4368
  1.6500  -0.4651
  1.7000  -0.4914
  1.7500  -0.5156
  1.8000  -0.5376
  1.8500  -0.5572
  1.9000  -0.5742
  1.9500  -0.5885
  2.0000  -0.6000
  2.0500  -0.6085
  2.1000  -0.6138
  2.1500  -0.6158
  2.2000  -0.6144
  2.2500  -0.6094
  2.3000  -0.6006
  2.3500  -0.5879
  2.4000  -0.5712
  2.4500  -0.5503
  2.5000  -0.5250
  2.5500  -0.4952
  2.6000  -0.4608
  2.6500  -0.4216
  2.7000  -0.3774
  2.7500  -0.3281
  2.8000  -0.2736
  2.8500  -0.2137
  2.9000  -0.1482
  2.9500  -0.0770
  3.0000   0.0000
  3.0500   0.0830
  3.1000   0.1722
  3.1500   0.2677
  3.2000   0.3696
  3.2500   0.4781
  3.3000   0.5934
  3.3500   0.7156
  3.4000   0.8448
  3.4500   0.9812
  3.5000   1.1250
  3.5500   1.2763
  3.6000   1.4352
  3.6500   1.6019
  3.7000   1.7766
  3.7500   1.9594
  3.8000   2.1504
  3.8500   2.3498
  3.9000   2.5578
  3.9500   2.7745
  4.0000   3.0000
  4.0500   3.2345
  4.1000   3.4782
  4.1500   3.7312
  4.2000   3.9936
  4.2500   4.2656
  4.3000   4.5474
  4.3500   4.8391
  4.4000   5.1408
  4.4500   5.4527
  4.5000   5.7750
  4.5500   6.1078
  4.6000   6.4512
  4.6500   6.8054
  4.7000   7.1706
  4.7500   7.5469
  4.8000   7.9344
  4.8500   8.3333
  4.9000   8.7438
  4.9500   9.1660
  5.0000   9.6000
  5.0500  10.0460
  5.1000  10.5042
  5.1500  10.9747
  5.2000  11.4576
  5.2500  11.9531
  5.3000  12.4614
  5.3500  12.9826
  5.4000  13.5168
  5.4500  14.0642
  5.5000  14.6250
  5.5500  15.1993
  5.6000  15.7872
  5.6500  16.3889
  5.7000  17.0046
  5.7500  17.6344
  5.8000  18.2784
  5.8500  18.9368
  5.9000  19.6098
  5.9500  20.2975
  6.0000  21.0000
