 -0.2500  -9.7969
 -0.2000  -8.8830
 -0.1500  -8.0096
 -0.1000  -7.1760
 -0.0500  -6.3814
  0.0000  -5.6250
  0.0500  -4.9061
  0.1000  -4.2240
  0.1500  -3.5779
  0.2000  -2.9670
  0.2500  -2.3906
  0.3000  -1.8480
  0.3500  -1.3384
  0.4000  -0.8610
  0.4500  -0.4151
  0.5000   0.0000
  0.5500   0.3851
  0.6000   0.7410
  0.6500   1.0684
  0.7000   1.3680
  0.7500   1.6406
  0.8000   1.8870
  0.8500   2.1079
  0.9000   2.3040
  0.9500   2.4761
  1.0000   2.6250
  1.0500   2.7514
  1.1000   2.8560
  1.1500   2.9396
  1.2000   3.0030
  1.2500   3.0469
  1.3000   3.0720
  1.3500   3.0791
  1.4000   3.0690
  1.4500   3.0424
  1.5000   3.0000
  1.5500   2.9426
  1.6000   2.8710
  1.6500   2.7859
  1.7000   2.6880
  1.7500   2.5781
  1.8000   2.4570
  1.8500   2.3254
  1.9000   2.1840
  1.9500   2.0336
  2.0000   1.8750
  2.0500   1.7089
  2.1000   1.5360
  2.1500   1.3571
  2.2000   1.1730
  2.2500   0.9844
  2.3000   0.7920
  2.3500   0.5966
  2.4000   0.3990
  2.4500   0.1999
  2.5000  -0.0000
  2.5500  -0.1999
  2.6000  -0.3990
  2.6500  -0.5966
  2.7000  -0.7920
  2.7500  -0.9844
  2.8000  -1.1730
  2.8500  -1.3571
  2.9000  -1.5360
  2.9500  -1.7089
  3.0000  -1.8750
  3.0500  -2.0336
  3.1000  -2.1840
  3.1500  -2.3254
  3.2000  -2.4570
  3.2500  -2.5781
  3.3000  -2.6880
  3.3500  -2.7859
  3.4000  -2.8710
  3.4500  -2.9426
  3.5000  -3.0000
  3.5500  -3.0424
  3.6000  -3.0690
  3.6500  -3.0791
  3.7000  -3.0720
  3.7500  -3.0469
  3.8000  -3.0030
  3.8500  -2.9396
  3.9000  -2.8560
  3.9500  -2.7514
  4.0000  -2.6250
  4.0500  -2.4761
  4.1000  -2.3040
  4.1500  -2.1079
  4.2000  -1.8870
  4.2500  -1.6406
  4.3000  -1.3680
  4.3500  -1.0684
  4.4000  -0.7410
  4.4500  -0.3851
  4.5000   0.0000
  4.5500   0.4151
  4.6000   0.8610
  4.6500   1.3384
  4.7000   1.8480
  4.7500   2.3906
  4.8000   2.9670
  4.8500   3.5779
  4.9000   4.2240
  4.9500   4.9061
  5.0000   5.6250
  5.0500   6.3814
  5.1000   7.1760
  5.1500   8.0096
  5.2000   8.8830
  5.2500   9.7969
